1622 13090 17699 8255 3915 19635 1355 3710 5679 19137 2327 
13796 14833 10691 3401 6581 14870 16868 8322 13749 3170 15873 
12434 3697 19328 7240 1763 14814 8604 18967 16548 6841 17311 
4529 
18575 1720 690 8866 15152 15709 8175 3206 8588 8655 7205 15019 16915 17626 904 12445 2750 
14024 9335 3927 10338 16149 10887 10611 2552 7249 16373 10934 16864 15165 
18151 6867 19168 18882 8535 18032 4959 15724 
14039 6487 9440 9536 4501 16696 1055 1394 15850 16517 17592 8763 19943 
18195 
17146 18550 17713 
4332 6755 8373 12827 2550 3384 12029 9625 
19278 19166 3751 4598 7865 8336 5849 15495 655 17053 16937 
2068 5149 11165 13737 15101 11402 8719 10558 12273 17246 4622 
721 4942 17829 5276 16831 3096 
13567 19946 645 
13831 15847 3404 609 10985 8812 17848 6677 9961 2241 19422 
16635 19534 6991 15660 4130 2919 10126 14135 10483 17352 11243 6907 14701 
11431 4099 16349 18141 12932 14629 7805 17251 2004 15905 9037 7287 6305 
15569 2359 3687 573 16480 13404 
12227 
11760 16172 17991 18914 15257 6678 
479 
3737 2478 2465 8885 7380 218 2390 32 5396 400 16455 
