42 27 25 199 181 212 72 246 7 274 284 445 321 527 
67 134 559 24 414 91 32 127 489 172 554 578 535 97 
12 62 531 672 377 19 265 505 102 614 676 915 897 2634 
225 759 842 853 345 835 101 904 351 684 515 166 164 539 
910 439 1075 297 680 82 443 565 534 222 1000 987 1393 1458 
593 716 934 1497 737 1088 946 1617 1745 1019 1906 1908 1198 1983 
760 1209 1241 1383 1099 1409 257 126 1123 1443 1292 182 356 620 
1623 1974 819 2173 1450 982 624 1060 335 1132 1486 1536 1190 1196 
121 294 319 5 1050 139 159 178 128 556 196 367 1986 177 
1275 333 2241 1295 1576 458 371 1541 754 516 2012 2015 1131 1024 
2258 774 336 352 358 424 2670 2707 1166 1572 1586 461 1622 493 
419 473 382 2092 2314 1207 402 635 486 252 436 658 1390 722 
1417 1613 648 1766 2316 1212 1233 873 2374 2963 974 1286 2424 1277 
1783 592 1293 625 1630 1834 1303 2453 786 1411 1481 2925 1545 1992 
57 444 1643 827 800 981 896 1031 869 478 78 506 1213 1266 
291 270 940 158 260 990 508 74 339 236 666 1080 604 1133 
1015 1034 1157 886 996 791 1211 298 1136 1298 1230 1324 1502 1264 
1304 1279 807 1412 1807 2997 1270 1451 1368 542 547 1765 643 707 
805 856 1806 706 865 1314 874 1645 3015 1848 1927 2046 1375 944 
1382 1487 3052 1552 346 1792 2110 2161 2189 1707 1551 572 2240 1563 
1068 1041 1440 2154 2065 811 843 845 1049 3018 2199 3048 1668 1181 
2071 1830 1872 1935 3056 1577 3146 1441 3194 1753 1669 1739 3260 1780 
1197 1967 1118 1262 2293 1377 1931 1434 1091 2193 1170 2379 2539 2824 
753 1404 1320 302 1093 1480 1453 983 1505 30 1405 2841 1584 1521 
1517 1343 1651 3318 1531 2931 3125 1555 1422 1714 1949 2496 1658 3137 
2259 2366 1448 2488 1950 1676 2522 3419 1828 2650 3490 2569 2602 3581 
2108 818 2177 1969 2031 2693 1618 2788 2009 2287 3053 2753 3601 2955 
837 847 3173 1678 1708 3333 3403 912 995 2117 2180 3417 1202 1854 
3002 2213 1294 1357 1400 1976 2806 1793 2290 2409 1977 1442 3150 3641 
2186 2007 2455 2416 2530 1665 2630 2683 1840 1876 2818 2005 2066 2147 
2284 766 1720 2286 2339 2470 1918 2538 1655 2663 3589 1731 2672 2690 
2591 3159 2640 3832 2964 3864 2606 3222 3334 3997 4753 3370 2746 2805 
2278 2085 2102 2441 2459 2153 3031 3171 1900 2505 3695 3176 3227 1968 
2849 2648 2681 2984 1784 2847 3467 4832 3270 5172 5226 3518 2916 3289 
3300 1691 3012 1516 1802 1816 3707 1756 3042 1916 3573 1839 2023 3600 
2996 4041 3131 3115 4062 3653 2044 5382 3657 3138 5455 4070 5481 3301 
4161 4342 3348 3151 3366 3461 5552 4343 3716 4377 2206 4382 3178 3286 
3718 3794 3295 2116 5649 3494 4767 3972 4059 3578 2243 5775 3676 4773 
2787 2234 2222 2376 4873 2432 2813 2469 2865 2508 3371 2627 3468 2968 
3701 2745 2899 3565 2521 3842 2632 2929 3032 3001 3902 3081 3584 3158 
1937 2220 1987 1971 5876 2458 2038 3626 2150 2195 3307 2252 2034 2495 
1171 3830 3944 1558 408 2465 1703 1101 2610 2636 1581 2231 2729 2665 
1855 2846 2301 1705 2308 2907 4038 3114 1316 2731 4154 2217 1867 4290 
3336 3595 5947 3886 3693 3906 4284 4904 5171 3382 3920 4354 3483 4583 
3198 1734 3091 3141 1757 1859 3217 2242 2713 2725 2832 2912 2936 3004 
4590 4609 5412 5448 3743 3329 4644 3828 3989 5648 4008 3924 6008 5725 
3926 3933 3412 3702 2694 3831 2775 2897 3379 3905 3939 3945 3344 3410 
3437 3452 3475 3962 3964 3622 4021 3564 4032 4068 3503 4186 4424 3570 
3624 4297 3651 3599 4433 4853 3747 3679 3766 3793 3634 3708 3774 3836 
4932 5736 4371 6341 3893 6479 4386 6575 6582 4392 4584 5106 4164 4569 
3862 4105 3909 4178 4328 4797 4456 3984 4013 4138 4799 4518 4137 4163 
4326 5275 4264 4472 4696 6737 5886 4527 6789 4548 5910 4746 4755 6042 
2333 5516 2378 2732 2854 2909 4412 2494 5620 2700 2225 4434 4682 2978 
3406 3487 3492 2792 2993 3291 3346 3376 3611 3689 4103 4077 4300 4313 
3075 4820 4710 3109 2411 3521 4843 2595 2628 3643 2766 2708 5626 4863 
5819 6830 6926 6264 6329 4830 5846 4663 6392 5889 4988 4758 6514 6527 
4279 4327 4197 4811 4484 4213 4809 4901 4612 4702 4965 5157 4704 4389 
4234 4723 5265 5185 5902 4959 4298 4421 4972 4982 4345 5350 5418 5363 
1483 338 3928 3431 803 4902 1639 4101 2777 5019 530 4170 1650 5320 
6626 5038 5110 2758 4697 5256 6964 4705 5542 7157 7325 4538 5127 7446 
2962 2808 5482 919 2812 3722 2914 3736 583 653 3341 2924 3811 3310 
4547 4426 5487 911 4563 5063 6800 5251 5602 5621 5673 5685 4485 4602 
1996 1159 3879 5630 2475 2734 1514 2842 3885 3969 1037 2940 3343 3021 
4136 3320 4762 3404 3378 5381 3442 5883 3476 3480 3900 5689 4139 3983 
4176 5958 3384 6084 6116 4288 4347 6119 5021 5951 5740 4022 6299 5071 
4355 6094 6957 4129 3562 5656 3824 3860 4134 3932 5283 3038 5662 5285 
1719 1704 77 1701 3426 3991 2056 2041 3527 2397 2607 2661 1154 595 
5747 4580 4834 5836 6032 6244 6273 4919 4374 6322 6044 5803 4765 6381 
5681 5694 4399 4461 6978 4493 3196 4187 7001 5789 5269 7469 5844 3952 
123 701 3682 4044 1322 699 4126 949 1856 2573 2644 2691 1234 2611 
5833 5025 5039 5070 6328 6373 6460 5874 5948 5099 5149 6054 5184 5439 
6437 5175 6101 4768 5303 4571 5589 4622 5714 4641 6472 5591 4679 3963 
6102 4793 7605 7013 7678 6157 5310 6202 5352 6354 7064 7222 6171 5420 
3250 5913 4230 4095 4172 4269 4277 5929 4447 5536 4256 4257 4261 5551 
5449 6517 5581 5619 5639 4831 6262 7315 4000 5732 5809 7546 7946 6565 
7708 5863 7952 6593 5865 5879 7996 5985 6043 8078 6570 6732 8140 8049 
6127 6563 6880 6955 4857 6271 6402 6167 7118 6286 6645 6289 6829 7199 
4931 6608 5198 6906 6616 7030 8183 6887 6646 6660 7362 6691 7285 6969 
6098 8324 5677 4031 8092 5729 8403 6733 5745 8496 6124 5906 7045 6348 
5936 4100 4521 6141 4964 5050 5987 6128 8645 6155 8992 4540 4283 6173 
7212 5218 7071 7409 7420 7090 7289 7106 5261 5413 7659 7660 5450 7297 
4339 4202 4564 4650 4711 4471 4509 5325 5399 5004 4566 5107 5517 6799 
7319 7836 5500 7411 7506 7894 5707 8115 7143 7184 5711 7611 7385 5752 
6442 6447 8759 7002 8160 9092 7021 6508 9187 7775 6648 6649 8761 6285 
6497 6533 6601 6718 8182 6724 5758 5604 6805 5193 6883 5675 5735 7245 
8826 7210 6658 9237 8839 9249 7367 6720 9276 6308 5801 8911 6433 6723 
5717 6374 6599 5108 6606 4605 4249 4458 5309 4524 6425 4664 5816 5594 
7312 7335 7654 8245 7740 7786 5997 6020 7408 7423 7874 7875 8028 7793 
9407 7389 6634 8016 8050 8993 9017 6636 6943 9073 6651 4744 6305 9108 
9551 7165 9813 9851 7458 6806 7702 6831 9171 7169 9877 6307 9328 6847 
5240 5922 7259 5247 8315 7560 5056 8101 8343 5946 5691 5949 8213 6236 
4670 4707 4815 4729 5897 5077 4817 5246 5519 4892 4924 5991 5964 5580 
5641 6159 7715 6590 7794 5653 9384 4231 4960 6783 5993 4970 5788 6072 
6193 6791 6844 5800 6855 6875 5900 5003 5017 6901 6678 9425 5928 9472 
7215 9921 7896 7267 9504 7131 7610 7463 10085 7976 7142 10119 9508 7175 
6251 6258 6336 7263 7374 6464 8435 6866 6876 7823 6654 6026 6946 7931 
4414 6925 6893 4520 6018 6195 6179 7307 3361 7569 6268 6281 7077 6306 
8501 8694 7614 6346 8250 10202 7387 8765 6412 7735 9620 7959 8669 6434 
6958 7862 6450 7991 5761 8359 7113 7253 8136 7284 8214 8249 8383 7485 
5045 7195 5166 5279 7618 5346 9631 4686 5360 7269 7436 6256 5362 6394 
6492 6583 8309 9164 8917 6685 8024 9225 8978 8165 6755 8279 8292 8474 
2388 7790 5387 2838 3313 6491 4836 3803 3833 6512 6560 4536 7462 1821 
8553 6769 9381 9132 9194 8732 8436 9424 6823 6857 8503 7096 9227 7204 
9486 8563 8979 7265 9451 8760 9512 9101 9636 9637 8788 9791 9158 9799 
8833 8901 9178 9264 7359 9300 7390 7434 7450 7454 9906 10135 9113 7615 
8294 7522 7818 10228 8311 7797 7869 7884 7895 8700 8419 9460 8816 8046 
6574 9648 5573 7671 5616 6600 6339 7858 9750 6761 7817 6771 9758 6709 
7950 7955 6968 5631 9935 5647 10210 5827 6782 6927 5934 7940 6058 7994 
7211 7914 9327 8056 8150 8087 8258 8206 8306 7368 9533 10235 8367 8446 
8422 8513 8094 8313 8390 10297 9234 8622 8524 8718 8720 8947 7978 5998 
6189 8188 6192 8221 7007 7419 7129 10333 6941 8308 8131 8178 8604 8228 
9571 9343 10411 8134 8173 8257 9814 8317 9202 9304 8384 10526 9555 9858 
8592 7545 8443 9913 8787 9412 9612 8908 9111 9060 9404 9528 10211 9548 
7449 9989 8323 8580 9324 8738 10383 8863 10095 8865 10148 10153 8771 10413 
7159 8337 8423 6981 10417 7233 7038 8453 7178 6280 8707 10219 8546 9058 
9646 9333 9911 8457 9947 9363 9510 10560 10250 8517 8528 9962 8733 9857 
6361 9345 9697 9766 8890 9057 9810 9904 9946 8610 9362 7306 10319 8739 
7498 8963 7499 9973 7399 7527 8900 6605 10416 7616 6666 7714 7437 7478 
10243 10727 8915 10740 8747 9630 10271 9749 8795 10279 9774 10475 9958 9979 
9115 9117 9666 9395 10424 9478 6637 10105 9511 10770 9694 9795 9764 10094 
9978 6676 7627 7851 7763 6842 7956 8141 8208 10050 6882 8999 7765 10204 
9380 9291 10031 9104 7970 8074 10425 10734 10443 10962 9314 9329 11014 9556 
8362 8171 6913 8396 8664 9500 10414 6960 7015 8729 10686 8800 8176 9205 
10334 9699 10205 8866 10607 8951 9002 11054 10897 10978 10989 9151 11095 10261 
10608 10199 9922 10266 10124 11200 11654 10272 10179 11093 11710 10779 10367 9193 
10436 9720 9232 10444 10548 11471 9260 10295 9403 11719 11722 11354 10318 11099 
9444 10577 10612 11809 9479 11201 10361 11346 11967 9507 10914 11023 9702 11439 
7018 8338 11368 9737 8843 10704 10488 10536 8401 9784 7141 10597 7201 8097 
8382 12018 8737 10742 8744 8762 8860 10743 12019 9748 10539 10739 11053 9211 
10745 10765 11954 9583 7351 11960 11082 12098 10874 10993 9931 11143 9041 12033 
10365 11579 9590 11618 11697 12216 10373 9618 9619 9431 11732 11916 12001 10453 
8886 7363 7510 9253 8642 8646 8916 8931 11063 9358 9088 9459 10601 9188 
10905 11114 11318 12393 12017 12077 11097 11152 11390 12497 11158 12572 11578 11515 
2389 3374 3925 1824 741 4267 3464 4537 4369 4828 1947 2951 846 2623 
11613 12647 11175 9642 11396 12849 9681 13109 11442 12238 12383 11650 11629 11663 
7633 9440 11637 10821 7692 12045 9200 9005 9320 7693 9454 9219 9337 7767 
9322 9336 7810 10134 12166 7861 9392 9678 11233 9399 9524 9557 9850 9572 
11686 11243 13150 9729 13322 9736 11733 12398 12414 12446 12528 9763 12695 12767 
11735 13436 12778 11743 11664 11942 12883 9892 13383 11996 13505 13631 13508 13543 
10233 12004 10339 12509 12567 11451 11712 11545 10408 11584 12579 12783 9488 10485 
11757 10570 10680 11780 13337 11849 10690 13872 12005 10744 11877 13568 9543 9562 
13751 9599 11612 9679 13804 10942 9725 12050 9796 13858 12121 9825 11614 12138 
12125 10009 12240 11991 10078 12074 10198 12093 12110 12147 13647 12304 13999 13778 
10421 10888 10976 11021 12329 10883 10949 11863 11217 11045 13835 13855 7554 8014 
11499 11577 11623 14121 11119 11639 11665 11841 11972 12331 11937 11421 12171 11482 
14143 10407 13922 10445 12384 12688 13957 13971 9898 10476 10582 10664 13975 12340 
11042 12775 11609 14023 11062 12473 12844 12870 11077 14066 12996 13050 11234 14242 
11624 12176 13905 12322 14040 14320 9929 13120 9961 14174 9465 14291 14503 14538 
12237 12283 12369 12410 11836 12423 12514 12932 12178 11265 13617 12289 14278 12946 
13203 14418 14352 13224 14423 12507 11410 14539 14505 12640 11596 13234 11647 12760 
14657 14420 11938 11658 10985 14713 11170 12412 12449 9982 14978 15059 15319 15477 
13281 12104 14527 11193 11689 11873 12109 10096 12161 12174 14596 13374 10246 14496 
14771 12812 13460 12218 12450 14537 14902 14741 13462 14744 12337 13463 14926 13496 
12338 15605 12390 12517 12668 10320 12734 12693 10330 11282 11428 16099 12774 10073 
10149 9466 11779 10161 11003 11808 9639 10291 11013 9650 9675 10364 10398 10578 
12974 12411 12561 13075 12740 13506 14446 13138 12515 12839 13161 13221 12765 13146 
13510 12451 13680 14968 14948 14957 15016 15135 12493 15252 15099 12597 10351 16184 
16215 12743 10376 16436 10409 11918 10456 10511 12055 10557 16603 16646 12902 12801 
16672 16763 16867 12810 16934 12120 16936 12903 13696 10586 12639 12184 17035 12751 
12836 13024 13702 15376 15125 12947 13735 13073 15405 15164 13013 15305 15461 13047 
12388 13298 12843 13309 13754 13848 13003 13307 13038 19197 13117 15475 13438 13984 
13428 13464 13882 13088 13481 13910 14349 14413 13856 15553 13874 14573 14022 14088 
14663 13093 14796 14100 14171 13193 15323 14584 15404 13090 14655 13498 19802 14751 
12858 10603 12367 10703 17077 17163 10819 13052 13144 13256 8147 11005 13591 11067 
13597 15671 15696 13795 15755 15800 13701 13137 13837 15624 13889 15981 13879 13630 
14901 15472 14175 14358 13773 14440 14908 14919 15075 15126 15955 15133 15791 15899 
14007 14103 16019 13901 13985 16047 14180 14619 15679 15687 16131 14739 16197 13319 
8247 10585 9756 11079 9759 10629 11049 8287 9526 9711 10633 8470 10716 9924 
9909 10796 10895 8535 10000 8564 8624 10251 10103 8697 10307 10310 10958 11348 
15154 15984 14756 16046 15192 16014 16223 15359 16428 16271 16278 16366 16405 16406 
8736 10178 10180 10270 12919 8751 11575 11846 10323 12082 10630 10441 10471 12281 
11072 10472 10700 12462 8779 8791 11084 10524 10844 11139 10574 11172 10982 12386 
15382 16579 15439 15499 16608 15759 15583 15608 15654 17101 17113 14038 15975 17352 
11316 8928 9074 13327 10596 10602 10660 11347 10845 9357 11156 11235 9525 13076 
11372 11296 11331 12574 11366 10871 11137 11066 12621 11386 11382 13451 11534 13269 
3066 2269 1321 3174 3105 4842 5033 2976 3526 5018 5035 5042 4222 5315 
9670 13470 11123 13288 17169 11404 11134 11405 11679 11429 11529 12953 11541 11290 
15846 14789 14054 14074 15895 14137 15901 14816 11239 11525 14974 16320 16071 16182 
9716 11305 11339 11363 17201 9827 11774 13938 13396 12047 12159 13114 14019 14064 
11371 11543 11823 11573 17237 9852 9965 13628 10098 10120 17484 10237 13651 11889 
4350 5178 5323 13787 12165 13829 5391 13884 11754 10263 14011 5406 11781 4731 
17655 16117 17802 17975 16349 14985 16455 16496 18135 18162 16555 18242 16617 18245 
11535 17662 11621 14120 13214 16359 13365 11675 17724 17732 16384 12654 12656 12708 
16440 15002 16697 14095 16377 14111 16498 16520 16510 16621 16599 16622 14134 14141 
16735 14489 11705 16784 14204 15473 16626 16808 16793 16018 16946 16973 14442 15119 
10292 17777 11792 10342 10350 10464 10496 17809 12356 14056 11902 12395 11901 12434 
16841 16058 17090 15183 14473 16948 17360 17495 15288 12746 17078 17269 14504 14534 
14181 13445 17580 14240 13475 14592 17847 14354 17849 14690 14387 17627 11742 16098 
15389 17734 17959 18044 16407 17391 15444 14429 15880 15902 15913 18233 14969 18272 
11959 12471 13828 14397 14492 12136 12002 12014 12256 12585 12613 10638 12312 12523 
10684 10807 12682 11016 11546 11567 12756 14597 12149 12703 12769 13887 11709 12828 
16411 18364 15930 15000 16470 15048 15057 16020 17566 15061 15101 16409 16501 16562 
15103 16683 16866 16916 18449 18691 16684 15136 17591 16947 16961 15333 18773 15539 
17016 17023 17026 18482 16676 18651 17164 18851 15675 13051 17006 17422 19071 16968 
11765 14513 14603 12175 14885 12786 12747 12092 13095 13185 13186 12114 15190 11988 
18909 17007 18951 15802 15946 12788 17718 17013 17900 17937 16977 18257 17022 12811 
14647 14808 18273 13906 12850 12193 12853 12925 14837 17021 15102 18010 12276 13927 
13311 17029 12591 13966 14012 15110 18274 14033 12694 13391 15140 15216 12905 15328 
5428 15208 12128 5665 12333 15309 12101 13299 13466 2760 2779 2829 13057 5191 
13624 13443 12950 13633 12389 13158 13670 13587 13579 13596 13649 13974 12391 12447 
12456 15414 12492 14069 13694 12505 13709 15578 15520 14127 14145 12569 13124 14220 
3229 3456 5272 5615 5605 2893 5858 2054 3408 4147 5955 278 6062 3639 
13689 18045 15579 12537 15593 15632 14118 13279 18380 15716 18657 18108 18692 18185 
15688 18734 12610 12629 12707 14255 15743 13820 13348 13875 14508 12709 14275 14758 
14398 15719 13494 13605 13674 17031 13945 14425 14055 14461 14494 14451 16002 17117 
12721 12580 13718 13954 14026 13100 14870 13199 14950 14106 13744 12727 13241 15824 
15034 15351 14216 12787 13794 13796 12803 16038 14432 12894 15832 16177 13323 14471 
13389 16245 16323 15929 14475 15489 13394 15524 13415 15706 13454 13512 12935 13687 
14545 16060 18959 14083 16244 16344 16424 16586 14656 16815 14176 17098 18231 14231 
14511 16397 17151 15795 17399 13870 14554 15934 12999 16573 15962 16668 15968 14598 
18968 17053 17222 18399 16100 17226 17240 19137 17286 17323 17250 19158 17436 16101 
17485 19202 19238 17353 19247 18420 14529 17529 16143 18445 18533 16173 17383 19286 
3735 2919 5644 5797 5511 6089 4245 5857 2309 6352 5515 6069 5917 3941 
17547 18800 17417 18541 17588 17634 17400 17497 19385 19481 17791 17710 18597 16280 
17782 18680 16282 17821 17527 18736 17690 17694 19109 17989 16612 17990 19524 18079 
6440 15995 3942 14608 14779 16005 14875 6519 16081 16232 3237 13893 15424 2395 
19228 17036 17153 19570 17224 24328 17614 17764 18206 17227 13410 17304 19252 18053 
16643 18842 19727 18275 18472 18586 18682 18921 19837 19000 17991 19838 14750 19005 
14956 18850 15032 15543 16680 14566 14737 15067 17814 15086 17862 15191 15274 15368 
13007 13981 14282 13065 16287 14401 16778 16430 16597 15584 14136 16729 15704 13123 
18228 19272 18636 19531 19536 24535 19546 19558 17603 17766 19599 18738 19709 19731 
14139 14196 16824 15392 14334 14430 15134 14427 13198 16752 13238 16805 14435 17911 
19035 19894 16702 18793 19160 19901 18029 19325 18169 16955 18352 18857 18919 16996 
19962 17001 17127 18360 20018 19016 18515 18526 20031 19066 20108 19152 19338 18678 
19224 16817 17889 17919 18104 18479 19777 19919 20048 18537 18577 20217 18681 18799 
16831 17930 13312 14438 15393 13345 14620 16883 14628 13386 18898 15206 14704 16859 
6708 14708 3469 15896 4410 15997 6118 16911 16003 16062 14752 13569 16956 5629 
16989 14766 13573 13602 14849 15455 13623 13650 13921 16341 14850 19006 16372 14126 
17131 6610 17130 17238 14150 14370 14453 16429 17139 17282 14854 17964 14474 16707 
18717 19389 19330 19751 19488 17144 17248 19884 18852 19542 19204 20131 20143 20166 
15515 15332 14477 18160 19102 14535 15415 15681 14730 19188 15560 15893 15887 14825 
4318 6217 449 2882 7124 7156 2977 3746 4430 5153 2674 6945 2115 7224 
15926 14916 18547 14892 14964 16129 16262 19227 16023 19404 14973 18840 18941 18973 
20219 19629 20246 19878 16327 19553 19225 19881 20296 20368 17350 19571 19600 20314 
7565 7631 14938 6480 5216 7020 14820 17161 6671 6825 16801 17357 17452 16823 
6917 14883 14940 7078 16935 16999 17478 17593 17280 17093 14953 17454 8030 17636 
19904 20403 19914 19697 19753 19851 20011 20425 20720 20013 19857 17643 19923 20524 
20020 20752 20046 20743 19957 20027 20767 20347 20238 20450 21049 20841 20851 20616 
21119 21192 21193 20370 21571 21580 20378 21587 17695 17697 20455 21205 17720 20471 
21596 21223 17739 21752 20610 21296 21699 21742 21315 18906 20659 21857 21765 21872 
19260 15010 16585 16080 19280 19315 16218 19305 16619 16667 15043 15083 15116 15117 
17808 18342 18346 19732 21393 21394 20710 20887 20931 21063 18539 18588 21158 15260 
16771 16352 15121 16789 22012 19738 16839 16846 21954 15327 16975 18664 18722 19833 
21242 18971 21441 19041 21258 19086 22038 22056 21956 21365 19126 22248 22200 22282 
15144 17116 17673 17381 19422 15242 17740 19512 15251 15308 16386 17761 17667 17449 
21459 19136 22382 19294 21485 21429 22510 22401 22442 21578 21537 22547 19390 22818 
7051 17954 8297 14991 7162 7193 18101 15113 17785 15120 17860 17872 7296 18197 
17904 18451 17840 17910 17981 15203 17321 15221 17982 18505 17987 18549 16492 18042 
2990 7317 8464 4379 3213 7883 8226 5359 6937 7356 8409 4554 4963 8630 
15312 18058 15335 15505 18574 18072 18648 15275 15283 19527 16532 15547 15576 18008 
20037 16537 16552 17413 17528 17599 16647 19411 19413 19836 16685 20093 21608 16718 
6318 15670 18098 15702 8398 15813 15909 18668 7383 18121 18205 15944 15420 15557 
20261 16732 20121 16810 17746 16978 15517 17770 20325 17871 20384 16980 15518 20348 
22551 22865 23134 22552 20477 22563 19432 21704 21542 21731 22179 22675 19592 23136 
20626 15519 23138 15546 15855 17143 22301 21734 18215 20943 17941 18093 20404 20613 
19593 18154 22718 19696 19765 22384 22469 22497 21788 22809 22543 22686 21995 22820 
18226 18279 16010 16064 18281 15937 16126 16251 15627 15668 18879 15790 16312 18217 
19369 20285 20416 20522 19790 20604 20653 20770 21024 21241 19922 20053 20133 19010 
22822 19805 22090 19871 22268 22287 23473 23591 22698 16011 22335 19915 19921 22405 
22564 20102 20639 20313 22704 23694 22904 20367 20511 22730 22874 20625 22886 22935 
17203 17271 16138 22957 17294 22587 20959 17355 22595 22972 16190 18754 22733 22753 
17531 21327 21383 17857 20225 21178 21515 19217 19270 23038 19515 19441 19686 21215 
20652 16259 18368 20970 22941 17473 18487 21137 16273 23045 21277 21370 21385 16518 
16625 16748 18227 18817 18946 19045 19069 19095 18546 20760 18824 18925 17658 16819 
5292 8845 6397 5632 8600 8934 9220 9120 3373 7550 3706 9436 9502 7944 
21586 21426 19891 19943 19988 23066 21619 21654 24101 21640 24137 24157 24687 21749 
8561 18404 17039 15892 18927 15945 15959 18928 18561 18779 9206 10239 3596 18976 
6504 19142 19046 16061 10287 16082 8608 19523 8615 19243 19310 17082 16212 19486 
19582 19670 17826 19940 18578 20939 18025 19799 17184 21724 19909 18820 18855 20104 
20126 21842 21822 20205 20295 20317 20354 20464 20469 21932 23255 20632 22064 20776 
21071 21074 21386 16525 18955 21733 18035 16681 19043 23067 19047 16728 19058 19103 
6775 19986 8661 17243 9660 16335 10438 16346 17551 10627 10380 20091 10917 7189 
19023 16353 16461 18037 21859 16509 17646 20138 16565 16661 20171 17835 17017 17887 
3990 7487 5241 10622 6303 11185 11188 7489 3710 3817 3733 4049 11273 11553 
24245 23424 24336 24452 20666 23259 24469 23332 17047 17121 22954 23018 24563 23456 
23457 24722 23429 23511 24786 23572 24797 24804 24902 23518 20805 24022 23628 24927 
21008 22085 21014 21256 25071 21387 22021 20244 21727 21976 22311 22208 21098 22513 
16663 19155 17155 20183 16837 20241 20210 18386 20253 17945 19110 17115 20523 20387 
22436 22122 23748 22500 22742 22578 22623 24062 22642 25173 22710 22750 22929 22677 
19146 17246 17951 20473 22001 17973 19183 17283 18174 20551 17301 21470 20561 17730 
17262 18431 21551 21753 17275 22037 19577 19588 22144 17278 19681 17546 17592 17664 
21890 25196 21957 21977 19766 22145 22320 17701 22461 22591 18435 20098 17793 18007 
18527 18529 22222 22370 18246 22618 18268 18584 20304 20345 22636 18270 18834 22725 
23953 23031 25318 23344 24266 23517 23537 23579 24416 21199 21344 24424 25387 24468 
17760 22763 20532 18213 18315 18877 20734 17820 20773 18366 17928 18088 18447 20651 
20428 18557 19027 22798 18819 22930 19048 22687 23113 23169 20628 18874 23968 22844 
18886 22855 23179 22896 20706 21412 19116 19219 25433 19303 19396 23060 24499 23109 
22685 23171 22846 23834 23181 22860 23841 23865 23091 24379 21549 24381 24592 23263 
24676 24773 24864 24042 23638 25632 23673 23720 23737 23867 24887 23883 21615 25084 
25208 24098 23890 24156 25838 24075 24352 26030 19416 25469 24197 25700 20947 24444 
19372 19745 18514 19860 19133 20385 18099 18492 18522 18665 20993 19426 20861 19232 
24520 25752 24454 25787 25801 24661 24644 26106 24711 21663 24677 26155 25819 24738 
21004 19428 23360 23187 21023 19333 23373 23465 19417 21067 24753 23583 19453 23612 
24737 26315 24746 21666 26354 26458 24748 24906 26202 24945 26472 24857 24975 21711 
24931 26513 26578 23118 25083 26268 26302 21841 26615 26650 25217 23231 25222 26849 
19491 21928 23647 19475 21068 19595 25139 23793 19519 19617 21154 23252 23862 21255 
19589 23987 24159 19832 19925 24495 23272 20103 20231 24590 23297 21340 25445 22214 
25218 22251 25505 25286 24630 25608 26428 26946 25781 25295 26441 26037 22281 26366 
18556 21085 20326 18704 21448 18617 24678 21209 18741 18844 19873 21737 20405 18904 
23482 19899 23483 23488 20529 23670 24803 21464 21541 24886 25012 26568 20840 25198 
27017 27036 26570 22300 26412 26649 22378 27068 20905 22483 27125 22553 26700 26850 
10731 21783 21827 18972 11028 21838 18990 11593 18999 8378 3826 8756 20928 20530 
6330 4157 6730 6994 4323 4666 6421 6750 7459 4886 7464 7892 8684 272 
22077 22339 19236 22438 19444 22590 19461 20955 19526 20592 20994 21033 21050 19030 
20980 21006 23760 23773 21064 23794 25203 25458 19976 23887 25274 19644 21411 21567 
20655 20686 21238 23921 20004 22690 19704 22785 20936 21314 21439 25320 19730 19052 
5731 34640 7839 9408 9055 9789 23295 5923 27186 8023 9792 9865 9910 10136 
25496 22656 26862 26917 25526 22826 22882 26910 27268 27131 27327 27188 23219 25769 
8841 22905 19528 21677 11761 19590 
27216 23229 27262 23292 23375 25866 23766 27325 23333 27144 23776 24104 26045 27288 
23971 25547 21599 21705 21797 19783 25970 27328 22043 21603 20250 22062 27330 20299 
23009 21817 19610 21818 19910 19611 23981 23110 21037 21657 20109 20189 23492 21084 
21819 21843 21846 21772 21861 19645 22039 19797 21891 23542 21133 23608 22105 20308 
23268 23547 23274 23641 24789 23489 23827 24912 23604 25044 23607 25912 20892 21810 
27345 27435 26105 26147 27391 27422 27471 27532 27464 27545 27403 26195 27616 24208 
20414 21825 22109 21936 20343 19968 20136 22129 22452 23746 20509 20418 24218 23807 
22187 20553 22490 22571 20587 22641 20789 20819 20835 20882 20917 23898 20868 22252 
9094 23919 22302 4319 22379 22456 23928 21233 22474 21007 22658 23951 22540 24476 
22190 22182 24221 24264 26068 27406 27669 22238 22361 27582 20391 24323 22435 22230 
24561 22678 22771 20457 24626 26087 21116 25034 26168 25074 22468 26563 22550 22593 
22584 21335 26810 9160 25187 21461 22634 25189 21210 22416 21868 22859 21894 21244 
26451 24232 27649 24339 27715 27787 26462 26677 27917 24351 27586 26744 27987 27775 
23625 25359 22857 23937 27591 24777 25743 23954 25780 23978 25913 24030 24080 24462 
22161 23114 22164 24332 21306 25193 22422 21346 23225 25257 22934 22423 25267 26885 
24409 22605 22876 28258 27724 22574 22594 24571 20486 26888 20672 22968 23059 24600 
22212 23141 23099 25393 26922 24895 21371 22329 23275 21404 21423 22333 25465 23285 
20695 20829 24910 22828 25008 23146 20933 25052 23283 26984 24669 25097 23318 21206 
26223 26273 24082 26334 26367 24926 27189 24115 26602 27010 24222 25101 24253 27119 
28351 24674 27202 27825 27790 24763 27294 27802 24796 24816 28157 25123 27317 28408 
23442 21477 21397 23461 22349 23240 21624 25478 22368 23613 22374 23178 22480 22052 
11102 22498 22689 7524 25503 11931 11419 25840 22746 22796 12172 11468 11603 9217 
35659 32775 10187 11000 11064 38632 34900 32149 37629 3292 11104 6859 25666 25425 
26413 23702 22946 22152 23078 22165 23148 22217 22324 26456 22348 27165 23170 22408 
21556 23310 27664 21665 23418 21726 21754 27680 23176 25121 23427 23355 23573 21800 
25210 27810 21999 23618 25249 23406 25253 28632 26482 27823 23627 25288 28686 24485 
24482 25481 27176 27781 27989 27340 27632 24668 25018 25517 27938 28081 28082 25103 
23705 22462 25502 26558 24809 26595 23563 22545 24546 22607 27831 23237 23416 9441 
28827 28353 28871 27904 28372 28163 28468 28598 28286 27866 28838 25500 28840 28430 
23436 26864 22633 23006 23241 23334 25602 23390 23652 25706 23503 25804 23986 24144 
25609 24824 24848 24859 23445 23500 25627 24932 23896 25975 24973 22359 22612 22774 
25017 22775 27905 22800 22916 22926 25197 24020 28315 25611 24209 25289 24320 25987 
23658 23624 24507 24513 26210 26430 25895 24888 24359 23733 24919 25952 25100 23771 
28434 27981 28033 28847 28043 24368 28566 28951 28594 28888 28595 28623 25939 28656 
25961 26071 23659 26393 26925 24522 23750 23753 25470 24033 26948 24467 27334 25119 
25487 28593 25511 22992 25540 25942 25820 23140 24875 26127 28086 24921 26089 26525 
12323 25150 25159 25300 23787 11610 24554 25304 9849 26693 24555 25391 27350 27035 
26115 24934 26137 26170 26536 24970 28638 28099 23192 28667 28646 23376 26353 25021 
12604 11670 27075 27450 27469 25542 25613 24560 24569 23944 27192 25735 8897 27492 
27224 23387 24828 27565 24856 24051 24885 27239 25151 25794 24236 24972 24999 27805 
25013 27874 27407 25317 25250 25277 24256 24289 27953 28050 25905 24301 24396 25299 
5117 8943 11214 11786 11898 8727 4907 13563 13767 5371 9252 11927 5322 9086 
25592 28133 28162 25604 26055 28367 28401 28444 25298 25443 25549 25742 25924 28590 
28950 26378 26518 28169 28982 28172 29165 26530 28976 28724 29027 26419 26889 29422 
12133 27548 9671 27557 24504 25877 25345 25920 25388 26010 12148 26079 26154 24635 
28180 29850 29890 28882 28187 29051 27019 29945 28255 27079 29083 28482 30027 30109 
5138 14109 9859 9869 14293 14346 4026 10091 8873 4429 10331 10343 5831 12204 
27237 27243 28624 29109 28844 29174 29069 28857 29233 29075 29341 29420 28872 27270 
28612 28881 28912 28979 29019 26107 29222 30079 25934 30265 26149 30277 30440 26383 
30209 27284 27426 29339 29474 29059 27445 23448 27908 30260 30275 27973 29494 30321 
27640 24656 26203 26344 24719 24739 26636 26408 26757 28653 26520 23735 24766 27771 
26801 29518 28835 23973 27172 26524 24067 25990 27354 24078 26626 30639 26714 24313 
29817 28529 29188 29527 29780 28575 29788 29821 30662 29855 30744 27054 28691 28775 
26651 26450 27822 28242 28225 24783 27065 26781 25535 28267 26799 27099 24807 25585 
26455 27367 28997 28851 25651 27173 29148 27478 27641 27392 24363 24496 27671 27736 
27923 26752 27416 27985 29272 26797 27313 27479 24695 29237 28374 28948 27344 24768 
26403 26670 26373 30461 26740 27148 26761 30482 30527 30532 26920 30534 27018 30582 
11985 25760 12874 24835 14803 25832 28328 25844 28404 13156 28441 28538 13244 28894 
27289 27057 27332 27434 30668 29483 28424 30113 29872 28998 30729 30760 27605 27650 
30043 29004 30232 30101 30299 29121 30350 30505 29303 29467 29476 30794 29605 30547 
27579 28496 29636 28519 24787 24840 30750 27599 24894 28749 27443 27705 27718 29655 
27812 30780 29368 27530 30797 28764 29405 31062 24943 27880 31210 24971 27948 26927 
27383 27749 31042 27727 24322 31091 27569 27881 29796 27807 27886 31154 31198 31340 
31401 30678 30957 30693 30049 30054 30121 30900 30914 31236 31147 31250 30131 29814 
14914 24982 25053 25875 12156 12278 25948 27052 5458 25143 27069 29154 13359 9844 
30263 30213 30244 30246 31410 30258 31208 31285 31318 31405 31723 30286 30493 31413 
28688 26001 27130 26326 26360 28765 24979 26382 28911 29287 27374 29382 27433 27466 
31438 31548 31577 31618 31813 31903 30571 30294 31535 31546 31721 31722 31810 31038 
25190 26593 25201 29503 29509 27741 28938 28946 28971 25270 25417 28972 28171 25532 
27964 28977 27684 24993 29583 25215 29713 29300 28181 29369 29753 25221 25360 30307 
31871 31937 32060 31122 31950 31163 31574 32011 25365 31178 31623 32103 28213 27800 
31271 31374 28031 28068 28126 28103 31655 31630 31716 31972 28498 28204 32088 28345 
9235 25573 28214 29131 26024 9985 26111 26674 26777 28295 28469 26812 29436 26204 
26907 26947 26416 28264 26500 29403 28525 26587 27244 28548 26668 28703 29792 28787 
27992 30313 28282 28297 28115 25454 29379 30331 28395 30136 32021 28531 28177 28243 
29535 29593 29470 28599 30478 28915 29879 29697 29718 25525 28991 25597 30014 26756 
12235 7902 29349 9446 13187 13166 37177 8333 13594 4510 30174 8393 39489 14457 
28642 32199 28818 25657 28300 30332 29411 30774 28373 28937 28523 29031 25811 29129 
27537 29007 29744 29061 29145 30044 29848 29220 26865 29246 27613 26915 29966 29579 
27012 27657 27700 27821 30600 29598 30925 30124 31290 28692 29965 30197 27104 27198 
27848 27223 27947 30779 30865 30206 29418 31315 27513 30226 27634 30506 27677 27721 
29488 29446 30966 28697 31332 29525 29548 28943 25857 30991 29513 26003 26248 26381 
4730 9251 15020 10592 13527 11009 9655 4999 13688 14571 15381 6074 5856 9867 
31033 29013 29571 30394 29704 26464 31099 26815 31725 29705 29764 29797 31191 29015 
29198 29742 32148 30143 32452 30374 31065 28512 32539 32563 31837 32800 28789 32306 
15618 27827 30157 27996 28059 30385 31626 28122 27864 31778 27955 28143 13700 9951 
31738 31814 32520 31854 32155 32266 30469 31885 32576 30539 31951 32162 31286 32677 
32554 32556 32648 32678 30763 32466 31016 33096 32805 32476 32828 32986 31024 27203 
30080 30114 33028 27358 31312 33131 28185 27366 29128 27377 27611 30186 30297 30402 
10113 15645 16754 8557 10247 10389 16779 14192 14523 10394 8986 17176 6017 14252 
30688 31054 28233 30701 29204 31110 31116 30761 28148 28275 30905 28326 28415 31193 
31407 33275 33138 31542 33197 33403 31651 31705 32491 33422 33455 33564 33430 33576 
32647 32679 32902 31835 30285 32979 33035 33993 32207 33669 31873 34146 32047 32156 
11115 28522 28360 6335 14355 31282 10641 28585 17364 14876 15026 31309 14613 31898 
32241 33691 33796 27673 33821 32273 34158 32383 33199 33231 33376 31468 34290 33465 
27759 29244 30349 32395 30413 27764 32380 29310 30499 29330 29334 30512 28362 30509 
28029 28038 30635 31103 30776 30587 31483 31714 30858 29577 28212 31727 30603 30684 
30772 32056 32393 30860 28251 32117 32596 32540 32817 31003 33470 31032 32600 28253 
28371 28451 28663 31135 28753 30974 31234 32003 30989 31361 28504 28510 31451 28808 
28486 31051 28815 31281 28959 30221 29042 30254 32860 33488 31403 31301 32925 33023 
14643 32268 28602 10695 31498 17458 10964 28802 28956 31888 28887 11140 29098 17572 
28900 31455 31889 28958 33228 30419 31109 31890 32031 32876 31304 31111 31243 32134 
33008 33319 28873 28876 29032 29441 33456 31098 31284 33621 29492 29766 33556 29958 
34096 34167 32735 34581 32749 33005 33660 33677 31292 33713 34639 32480 32500 33123 
31375 31472 30474 29197 30515 33755 31494 33238 31606 30636 31400 31733 31843 29319 
33851 33251 29333 33255 32592 33333 32682 34376 32855 34141 34384 33560 32939 30799 
30210 33557 33589 30228 30267 30502 30634 33729 33751 30789 33864 30938 33671 31434 
29193 29218 29350 32220 29449 32943 32257 29071 29376 32622 32992 31642 30912 29617 
34414 34239 34528 33187 33685 33817 34693 33860 33991 34703 34385 34394 34530 34616 
32623 29627 33371 29799 31828 29208 32665 29818 29290 29359 29885 31913 30947 29450 
29898 31933 32742 29663 32387 29516 32426 33020 29715 30033 29826 33107 30083 30284 
33423 34720 34026 33469 29536 31433 34822 31515 29567 33509 33513 31974 34833 30964 
33203 33216 34176 34898 34893 34741 33366 34751 33500 34956 34351 34984 33540 35075 
34244 31547 31741 31676 31764 31917 32055 32112 34421 32230 34474 32479 30084 34577 
33742 31584 32016 33784 32017 32074 31597 32151 29644 32187 33573 29801 29822 34712 
31049 32222 34776 31619 29866 35258 29889 32276 35320 31625 32292 30273 30340 31739 
32484 32548 30370 31772 33111 29892 32594 30723 32780 32740 30801 30207 30632 30383 
33491 32810 30812 30890 31858 33847 31073 30984 32811 34152 32980 31162 30640 32559 
15457 33009 15459 14695 33444 11332 33013 34084 30681 31346 34135 33530 14697 31615 
34910 33627 34968 34974 35036 33647 35362 35414 35058 35132 32590 35436 35632 35060 
31588 34604 35192 28852 32652 31747 31919 32723 35329 33788 32296 34697 34886 33797 
34205 30435 31199 31437 30653 30845 31534 34242 35674 31910 31631 34309 32050 30855 
18299 11897 30820 15456 31672 33632 11306 30876 18436 33066 33780 33809 31912 33113 
32906 31754 31797 30870 30884 32909 34489 34268 34794 31829 31848 30934 31095 35401 
32807 32845 32619 34927 32951 35211 33317 34942 34985 35051 33330 35309 35616 33165 
35372 34999 35468 35815 33842 35818 35099 35471 35556 35189 34182 35520 35578 35724 
31946 31970 33910 32127 33142 31118 34194 31997 31119 31278 31289 34470 32044 34487 
34490 34871 31877 31489 32221 32182 34894 33410 32291 34336 32334 34431 33496 32371 
33176 35656 33224 35692 32753 33411 35779 35825 35860 33857 35940 33923 36022 33947 
35115 35877 35272 36000 32295 32278 35420 33032 33116 31164 35533 33143 35583 32293 
32511 31576 32569 31582 32573 34445 33664 31678 33670 31698 31411 31686 32336 32406 
18438 34503 34987 11324 15768 31745 32633 12037 31969 13145 33721 35023 6282 35133 
13328 18618 13399 33819 33827 32788 13607 34899 16089 16125 33840 15643 6871 15788 
32832 34124 32882 31730 32467 35150 35280 35708 34366 32019 32883 32465 32960 35801 
35677 31759 35821 35766 32528 35955 32660 31771 32555 32564 32927 32049 33180 32260 
6877 18772 10265 6878 19393 6884 19734 13866 20194 10669 13932 6914 16216 20339 
32686 32824 33002 33230 35649 33031 33087 32185 35226 33604 33254 32287 32342 32374 
33354 34218 33676 33414 36052 35770 33134 36382 33398 33517 33055 33663 32474 33904 
34295 32489 35809 36011 36012 34345 34409 34442 35279 35757 36099 35806 36353 36516 
8220 9468 16698 8416 20658 14191 11810 12321 6060 16773 16845 12358 12538 20664 
6356 7443 16478 9959 12987 13254 8593 16940 20704 17107 10785 17460 10115 15362 
34391 33146 36043 33965 33283 32416 32639 34947 33291 33546 36160 34430 32702 33307 
13420 34554 32743 33372 36338 13421 20766 36490 20995 32892 32944 17606 33508 33600 
32579 36499 34078 35840 33649 36130 34080 33714 33774 34091 34132 35315 33766 35847 
17615 14478 33619 33135 33327 14268 36825 34558 18002 36859 34595 17962 17996 18128 
34467 34644 33528 34664 35052 36173 36193 36202 35082 36536 35094 35139 36377 35147 
15090 33662 33356 37006 35102 33679 33686 33746 18670 15447 33856 18276 33657 35108 
35208 33608 33902 35689 29298 34314 36397 34675 36480 36588 35735 36197 36791 34732 
34144 33848 34222 32616 33854 34374 34408 33897 34443 34462 33948 33964 35360 34545 
18705 18732 33896 35172 37116 16022 35340 37147 34110 35349 34665 7687 34667 18310 
6091 19296 21027 14340 14574 8811 10900 10791 21048 16124 8837 21159 7855 9270 
9602 10892 14784 21295 6983 21379 9053 21495 10571 16494 11589 10966 21728 14828 
22127 37214 22141 34164 16921 37302 35790 33873 37506 33890 34673 34024 34716 34766 
11813 17378 18534 15168 18810 11205 15334 11536 22318 16031 11895 19463 20038 17464 
35617 36587 36635 36223 36846 35634 36733 36234 36744 36257 36258 36378 35755 35934 
11777 17506 17772 9313 12000 11048 12056 17830 18948 9335 12131 20207 12718 9641 
17949 20445 34311 34807 35862 34829 34773 35385 35536 19097 18488 16299 34343 35962 
35988 34488 32697 36659 32818 33094 34004 33994 36748 33409 36289 33440 33481 33998 
34046 34715 34375 35977 36396 34546 33511 34676 36415 33566 33859 34574 34778 34787 
36131 37507 35982 34372 37676 33905 34422 37680 34600 34866 34964 35986 34921 36359 
11557 22486 22976 23122 16416 16826 7181 7232 19400 17856 18593 12132 11893 15760 
23811 36388 36469 19521 36579 35187 17948 36058 7755 18017 18428 18638 35388 18791 
12134 18862 12911 10177 23993 20863 12467 12143 19574 24464 20873 13096 19059 24531 
10253 10491 10495 10555 19693 18448 18573 12298 12325 13521 24671 19138 20899 24741 
12455 19565 19703 9385 15907 10800 29967 9463 18614 19827 24758 13728 21031 19845 
36670 37009 35079 37058 37166 37720 34828 36154 36269 35406 33946 35109 35160 34941 
24842 9470 35470 19886 37209 36307 18730 25085 37742 35231 9939 37888 36755 19788 
35540 35066 35375 38063 35128 35490 36810 35546 35622 35624 37301 35655 36827 35832 
18920 19930 25568 25680 35845 35720 13797 35948 35810 36832 37387 25689 36138 36024 
13011 10850 21114 21170 25691 13806 26166 12963 13946 14091 22046 19650 20135 10142 
34926 35283 36920 35743 35519 34713 35596 37094 34524 36027 36093 36605 36227 37157 
36089 36841 36619 34131 36910 34596 36987 36123 34672 36661 35182 37005 36442 36603 
37025 36766 34946 36663 36867 34839 37034 36689 34192 36905 36855 35142 35284 36285 
37083 37113 36907 37120 36668 35355 36848 36921 37262 37344 35459 37326 35606 36944 
20165 20084 26174 37458 20213 22231 20306 36263 20393 22752 20685 36897 36287 20558 
38072 36370 37030 36048 36181 36426 37607 35254 37066 37107 37356 36299 36461 36561 
37343 36736 29332 35696 36798 37035 37478 37389 37192 36937 37238 37351 37518 37891 
20668 36520 20989 36679 36680 37615 36743 37875 21313 37968 38017 37036 37479 14248 
30165 10867 14292 11019 16291 17223 17492 18656 13115 13859 11531 14338 10903 14841 
36149 36973 37564 37182 37572 34317 37603 37029 37287 37316 36293 37394 37197 36350 
34923 35009 34682 36583 34795 34809 37577 35083 37673 37706 35135 34815 35191 35334 
37625 37889 37295 37304 37797 37696 37675 37985 37999 36527 38104 37704 36926 36972 
37787 37854 37832 37376 38287 37765 38305 37978 37929 38130 37984 37377 38203 37541 
21647 23321 20127 37076 38120 20552 37037 37484 37550 37142 37669 37721 20662 26240 
11513 20724 11861 21898 11950 22102 26295 21260 26753 15248 22009 22116 26802 19373 
14077 22351 23587 22509 15253 21642 11820 23369 12330 22026 26905 19533 15271 23710 
27024 38329 24353 37636 37679 38498 37084 38616 13149 37818 22350 37995 37133 38021 
37221 38150 37353 37562 38181 35324 38138 38663 37745 37887 38012 38229 38051 38253 
37842 38420 38312 37884 38432 37963 38654 37567 37988 38699 38393 38888 37788 38592 
36599 34387 34434 35431 35199 38443 35236 35344 38602 38651 35345 35489 36730 38890 
12863 12394 22531 14102 23524 23729 23837 27097 13723 14769 24386 22389 13276 27728 
37410 37921 37664 38007 38105 37670 37682 36940 34909 36078 38197 37375 38256 37808 
37630 38093 38279 34436 37730 38151 38541 36794 36876 38686 38446 35193 38639 38328 
38025 38128 37866 38067 38448 38595 38633 38731 38606 38784 39248 38666 38789 38001 
27753 38341 37733 23976 38723 38668 38485 24473 38761 38849 24578 38875 38880 23347 
35481 35568 35562 35493 35587 35771 35400 35427 39002 35650 36119 35548 35456 36373 
36037 37014 35598 38046 35665 35820 35601 35683 37017 36079 36555 38200 35722 38347 
38772 38928 38940 38857 35767 38871 38836 38968 36190 36275 38903 39049 39050 39079 
27890 38917 39040 23682 37837 39285 23875 38963 38090 39093 23265 24672 38148 23528 
24046 28287 38976 39092 24459 25089 24294 39095 39177 38411 39184 39479 25976 28557 
35804 36468 37261 37399 36690 37531 35851 35861 37589 36145 36742 36477 36811 36368 
38100 39052 38369 39065 39115 38139 38883 39218 39425 38401 38234 38239 38441 39005 
15325 13659 24596 15406 24093 26101 14075 24421 24524 15337 24149 24756 25744 24616 
15073 12722 14193 15434 28628 28740 25797 25014 26358 24246 24425 26962 25432 14369 
14614 29093 27043 15088 19722 24577 25796 16419 15509 17421 26145 24614 12807 26286 
36892 36046 38033 36482 36573 36262 36443 36946 38080 36714 38094 38252 38487 36857 
29259 17488 38624 39583 26296 29417 38787 38796 38916 39329 39648 39207 39317 38931 
15598 26263 26577 26664 29693 16136 26673 15807 15821 27308 29770 24743 15577 24850 
38504 39174 38278 38509 38296 39621 39247 38526 38646 38705 38685 38841 36331 38400 
13175 26820 27335 28015 18620 25170 30205 20779 25414 27135 27183 25867 13497 17946 
28925 26285 26384 39332 39021 39467 39468 39358 39441 39510 39157 39637 39644 30397 
29326 39159 26460 29499 30511 39691 39707 39823 39653 27480 39784 26689 39277 39834 
13514 27738 26330 18676 20906 13911 18802 15858 15972 13914 18491 15973 26755 28108 
16043 17348 30841 29629 28145 28302 30849 30932 31192 31294 31600 26788 29914 30090 
17373 19545 32177 14385 28552 26858 20000 17496 16094 28654 29258 16189 16912 32251 
36387 38254 38336 36677 36702 36738 36771 36433 36877 37154 36949 36462 38361 38505 
36969 36970 36559 38884 36628 36658 38545 37050 36981 36779 38793 37156 37090 37259 
15303 20132 17064 32481 27199 21248 17742 20977 16119 29293 29371 30598 22580 19336 
37227 38563 37401 36831 37762 37373 38585 38591 37163 37998 37180 38098 38137 37379 
17060 23020 28298 29471 29588 32654 29606 28314 28636 32759 17192 17166 19656 27410 
38209 37234 36850 37434 39409 36854 38445 37547 37609 37987 38865 38911 39003 36963 
17439 18298 17907 29116 23034 18884 29761 17621 29152 27487 21292 29883 27555 19817 
37249 38738 38809 37282 38902 38628 38047 37430 38565 37075 38629 37504 38575 38759 
32926 39739 30409 27675 39762 39742 39895 39993 39877 39997 39894 30791 39485 39702 
38840 39066 39263 39262 39139 39020 39178 39287 39357 39381 39449 39236 39576 39362 
23502 24229 18474 18864 24378 24481 21768 18626 20493 24518 37452 19106 25460 25484 
31017 39719 30936 29968 27929 31357 28412 28491 19246 31383 18827 30105 28579 30281 
19055 19544 31159 31512 20733 22387 20795 19128 31416 25687 31419 19742 19744 26337 
31679 29261 29447 32968 31230 32174 29456 32237 31695 19572 22451 29624 33301 29815 
31929 30330 31976 30427 32048 32264 32433 30605 32637 30673 33393 32673 19674 30798 
19758 32308 30840 19896 32477 33486 32691 32851 32508 20078 26506 32494 20156 31104 
39243 39302 38096 37081 37143 39364 39397 38593 39544 38280 38684 39630 37597 38340 
20334 32725 33064 20494 32869 34161 27167 34608 35010 22536 20029 33144 33204 33306 
37510 39387 39011 39614 39067 30713 39094 39282 39447 39512 39759 39558 39911 38304 
33016 33194 31793 31894 33361 32298 33385 33248 35019 33436 35055 33431 33598 34319 
22066 20983 33033 35210 32390 22069 34297 33092 32410 20148 20564 33625 35364 35281 
39458 38774 37708 37171 38909 38937 37798 38343 39563 37291 37813 38231 37586 38519 
39492 39722 38373 38760 38812 39560 38580 39875 38823 39794 38978 37685 39232 37815 
35291 36059 34649 34208 34714 34252 35620 36505 35626 32852 34844 35961 34736 20707 
21380 36065 32938 21422 34781 21901 29055 36163 23150 20565 21828 20737 33117 23539 
20801 33233 21910 34965 33326 23640 35164 23102 21965 35061 22095 29273 23025 23370 
24171 36645 34089 23165 30550 35221 36821 35387 22269 35896 35447 24184 35333 35510 
22449 35822 36951 36005 22558 24031 24182 36253 24285 36405 24617 36613 37266 36644 
22373 25692 36871 25919 26655 33053 36204 22588 30637 22768 36342 37258 36984 37270 
37305 36784 37451 36934 37381 37599 37285 37067 37390 37845 38240 38354 37323 37582 
23149 37202 23544 37385 37440 23636 37454 38064 23731 30753 31227 31611 38289 37584 
24593 26039 37723 25761 32136 25845 38560 32612 38488 38433 26208 38243 23474 38257 
26661 38058 38755 29150 38155 39391 38671 38533 39201 38500 39570 38694 24248 38511 
33331 33368 35425 35525 26340 36650 24427 24710 38141 38214 24637 38232 24996 38233 
38952 37942 38319 39084 38391 39296 39265 39028 39432 39847 38765 39303 39294 39382 
24876 38986 38587 39346 39134 25056 38301 39462 39696 29202 39828 39004 39360 39868 
25091 25509 29373 25672 39727 26044 26961 39783 39973 39617 39975 26968 26431 27692 
37437 38805 39578 39605 38906 37482 39940 39941 39501 39677 39199 39404 39750 39592 
39910 39770 39401 38783 39316 39254 39054 39217 39286 39258 39386 39442 39350 39355 
28391 26480 26840 28730 25332 27137 30719 27251 25411 25732 29612 27142 30721 25826 
29749 27147 26684 30019 27194 27382 27678 28447 27525 27248 27958 30874 27500 27876 
28549 28454 31088 28135 28617 28781 29076 28668 28850 30395 30542 30651 29784 29915 
39791 39668 39634 39679 39810 39850 39884 39903 39788 39931 39859 39885 39902 39870 
31129 26484 21453 35512 6033 
39408 39998 39465 39453 39509 39635 39640 39457 39806 39543 39649 39476 39881 39514 
39734 
39755 39813 39690 39956 39709 39765 39974 39932 39983 39950 39995 
29423 29576 30861 31089 29478 31418 29757 32664 29899 30591 30764 31027 31296 29999 
31645 31511 31750 30123 32667 32773 31870 32754 31926 32091 33781 32769 33151 33428 
32095 33878 32428 32718 33345 33919 30144 33707 31371 33814 31845 32717 30480 33533 
33592 33962 30657 33844 33907 34030 30881 34681 33960 34925 31395 34255 31478 33799 
34686 34770 34029 35089 35185 35499 32585 36720 32910 35866 33906 33490 33699 36906 
33968 36201 37059 36207 34592 36594 35807 35895 34788 35511 35608 35951 36802 35799 
36805 36976 36567 36880 37697 36836 36843 37164 37193 38011 35885 36056 37173 36239 
36993 36983 37859 38479 37189 37383 37453 37695 38430 37718 37172 38617 37201 37684 
