36 
29 
30 
44 
27 
41 
44 
37 
32 
50 
51 
25 
31 
43 
51 
46 
57 
31 
48 
33 
44 
49 
36 
33 
59 
35 
51 
31 
23 
28 
33 
39 
43 
27 
23 
41 
48 
32 
22 
27 
40 
52 
20 
33 
42 
36 
27 
32 
30 
45 
49 
31 
59 
51 
33 
36 
45 
56 
29 
57 
47 
28 
51 
50 
35 
24 
47 
24 
44 
23 
57 
43 
47 
29 
35 
37 
45 
37 
27 
20 
47 
49 
54 
57 
66 
46 
38 
38 
34 
51 
37 
26 
45 
36 
39 
42 
29 
27 
29 
42 
27 
29 
31 
39 
31 
26 
27 
21 
39 
35 
37 
51 
40 
36 
31 
30 
20 
61 
34 
28 
25 
53 
46 
47 
37 
38 
21 
60 
30 
43 
46 
41 
39 
25 
31 
21 
21 
39 
40 
45 
43 
44 
41 
28 
41 
44 
33 
26 
33 
25 
33 
27 
30 
49 
34 
38 
39 
49 
36 
45 
26 
35 
53 
41 
49 
56 
48 
26 
30 
44 
50 
37 
26 
29 
39 
26 
26 
58 
21 
30 
47 
28 
48 
52 
30 
31 
34 
43 
29 
36 
24 
35 
22 
60 
32 
29 
23 
45 
23 
66 
57 
39 
56 
44 
52 
37 
51 
39 
49 
37 
59 
25 
20 
37 
22 
33 
47 
32 
46 
52 
36 
47 
25 
57 
50 
56 
31 
47 
47 
42 
29 
50 
32 
50 
22 
54 
25 
39 
26 
22 
46 
52 
53 
43 
28 
22 
56 
32 
56 
22 
36 
55 
54 
50 
53 
43 
46 
50 
44 
30 
28 
44 
37 
38 
39 
59 
32 
37 
42 
26 
31 
45 
47 
52 
31 
56 
26 
49 
34 
45 
48 
32 
28 
52 
35 
28 
51 
34 
32 
27 
28 
48 
28 
52 
32 
52 
41 
54 
44 
30 
33 
43 
39 
39 
24 
33 
64 
33 
29 
26 
25 
47 
49 
32 
47 
35 
44 
54 
33 
57 
53 
25 
50 
52 
25 
34 
32 
40 
23 
43 
67 
36 
37 
28 
35 
59 
34 
46 
30 
28 
39 
26 
53 
23 
24 
31 
46 
41 
24 
33 
21 
46 
28 
28 
30 
35 
35 
45 
42 
67 
54 
39 
49 
26 
35 
21 
47 
54 
52 
25 
41 
27 
31 
59 
52 
36 
42 
34 
26 
54 
36 
44 
54 
44 
49 
52 
58 
48 
32 
48 
25 
53 
26 
37 
25 
35 
24 
53 
28 
42 
36 
28 
40 
42 
44 
54 
32 
46 
26 
32 
29 
44 
29 
33 
44 
43 
49 
26 
34 
45 
30 
54 
27 
37 
49 
53 
42 
51 
33 
27 
32 
37 
25 
45 
43 
30 
46 
53 
63 
52 
58 
54 
29 
36 
32 
54 
23 
27 
29 
46 
59 
53 
65 
39 
39 
54 
42 
32 
41 
50 
28 
28 
45 
25 
54 
37 
31 
38 
47 
40 
47 
47 
23 
52 
22 
36 
55 
54 
48 
53 
34 
44 
44 
48 
29 
30 
30 
59 
48 
27 
48 
32 
51 
34 
29 
34 
37 
39 
51 
49 
34 
53 
43 
47 
39 
53 
31 
47 
47 
40 
62 
38 
34 
39 
58 
29 
55 
25 
41 
24 
43 
51 
35 
54 
32 
52 
64 
24 
31 
46 
43 
28 
31 
27 
36 
38 
25 
46 
21 
38 
31 
65 
49 
59 
53 
51 
45 
51 
35 
56 
30 
35 
44 
43 
54 
50 
31 
29 
32 
40 
40 
50 
50 
36 
58 
40 
40 
41 
22 
36 
31 
35 
37 
27 
30 
31 
21 
46 
42 
