454 5994 5598 
7327 8551 2879 
716 3273 1553 3172 6002 568 3516 7248 399 7877 7521 2078 7008 3111 4665 2062 3215 
5429 9292 6472 9258 6658 6401 1505 2088 7611 5445 2771 
4856 3459 6191 3100 9079 9987 2493 560 2954 47 2703 6668 3281 
6483 3137 375 
6117 
2172 6384 2391 
8153 5928 8184 5325 9584 3084 
143 9710 9259 
5205 5949 8989 
6096 
8197 6013 9713 6269 4297 5196 
9377 4054 7686 1143 621 3665 1889 4910 5214 765 5602 
5632 6012 87 8226 4703 6998 4644 428 905 6783 4050 5755 3125 3914 2690 4995 2581 
