30 25 36 27 30 30 25 28 30 25 28 30 28 39 30 39 28 30 30 39 25 30 30 26 25 27 28 26 27 28 30 30 29 30 27 25 27 30 30 30 30 26 25 28 30 26 33 30 29 30 27 30 34 30 26 30 30 25 30 28 25 26 26 27 27 27 26 27 26 25 25 25 26 28 
15 18 17 13 16 16 18 18 15 15 19 16 19 15 16 15 19 15 18 16 11 15 15 16 17 16 18 17 16 12 14 17 17 12 15 15 16 10 18 17 15 19 15 16 14 18 15 18 19 11 19 17 13 16 12 16 17 16 17 16 17 16 12 13 15 15 19 12 18 10 16 17 16 17 
8 8 12 8 7 6 5 9 2 8 5 5 5 7 9 7 6 6 6 9 5 5 11 6 9 9 8 7 5 8 9 6 8 8 5 5 7 8 8 9 9 8 3 7 7 9 14 7 5 7 5 8 7 7 1 5 8 5 8 5 12 13 7 7 6 6 7 8 6 4 5 8 5 8 8 9 8 3 6 6 5 7 5 9 9 5 10 5 6 5 9 7 5 9 3 9 13 6 3 5 5 8 6 6 8 14 10 7 6 7 9 8 6 8 6 8 5 8 7 8 6 3 7 6 6 8 8 14 3 9 7 8 6 9 5 6 5 9 9 2 7 6 8 5 8 8 9 8 7 9 7 3 6 7 5 5 5 4 6 7 9 7 7 5 9 8 8 7 9 13 9 6 7 8 9 5 5 5 8 4 8 9 9 9 7 8 7 5 11 9 8 4 2 8 6 9 9 8 5 6 7 8 8 5 5 6 5 6 6 5 5 9 8 6 3 9 9 5 5 7 8 9 9 6 6 8 5 8 9 8 4 8 10 3 9 8 7 9 8 6 9 2 8 7 7 5 8 6 9 9 5 7 2 8 7 8 3 7 6 3 8 9 9 4 6 5 9 6 5 5 7 6 12 9 7 4 7 9 7 7 7 4 9 6 8 9 7 8 4 5 5 5 5 6 8 8 9 5 3 6 2 9 6 12 3 5 4 8 7 8 8 9 3 8 6 8 0 4 8 6 9 6 6 9 9 6 8 4 8 8 6 7 9 9 8 7 5 6 9 6 2 7 14 5 6 7 8 5 9 8 5 
14 13 13 14 10 14 7 13 14 11 13 12 11 10 8 13 11 14 13 12 6 10 12 13 11 11 8 11 12 10 11 12 10 11 12 8 11 11 11 12 14 10 13 10 14 11 12 14 12 14 10 8 10 10 14 14 10 11 9 14 13 10 12 12 12 12 6 14 10 7 7 11 13 9 13 7 11 11 10 14 13 9 14 14 10 10 10 12 5 11 11 14 14 10 10 13 11 12 5 10 7 6 11 13 12 13 10 11 14 7 12 10 10 9 9 10 10 14 14 9 13 12 14 13 11 13 10 6 6 7 13 10 13 11 13 13 14 8 14 11 12 9 12 11 13 13 19 13 10 11 10 8 14 11 13 13 13 14 11 8 14 13 14 15 10 8 11 7 12 13 12 13 14 10 11 5 13 12 12 11 16 14 14 12 10 12 10 12 11 11 13 5 11 14 5 8 10 10 14 13 10 12 6 12 12 12 7 11 7 13 10 12 13 10 12 5 14 11 9 10 8 7 8 11 
22 18 15 18 20 20 21 17 20 16 17 15 18 21 15 16 15 22 18 21 23 18 23 24 15 16 15 18 16 21 18 20 20 18 24 20 15 23 26 21 18 16 16 17 18 17 15 24 20 21 18 18 17 17 15 22 15 20 15 16 29 21 24 21 16 17 20 15 16 19 20 16 17 18 22 15 18 19 18 19 18 15 18 19 21 15 27 17 19 17 15 18 15 17 20 15 18 22 17 17 19 18 16 18 26 16 22 23 24 16 24 16 24 22 16 17 17 17 22 19 24 24 23 23 17 16 21 22 17 17 16 15 23 18 24 17 15 17 16 18 18 15 16 24 15 19 21 15 17 15 20 16 16 15 21 18 25 20 24 15 15 19 18 15 16 16 24 16 17 18 22 17 16 15 28 17 15 17 15 17 21 17 21 17 22 16 15 18 24 18 20 20 15 16 20 22 18 28 16 18 18 19 16 16 16 23 24 22 16 15 21 16 15 26 26 19 21 15 21 21 19 16 16 16 19 15 23 17 18 22 24 18 22 18 26 16 15 19 22 15 18 16 16 25 17 23 15 15 23 17 26 22 22 25 16 24 21 21 21 20 18 23 20 24 19 27 26 19 15 22 18 18 15 19 
18 17 10 15 12 12 15 19 16 17 15 15 18 17 15 19 14 15 16 18 17 15 15 18 16 17 17 11 16 15 19 11 16 18 19 17 15 19 19 12 18 18 15 15 18 16 17 17 16 18 12 17 19 19 17 11 10 15 16 15 15 17 13 19 17 16 15 13 16 16 13 15 15 13 
5 9 5 5 4 8 6 9 6 9 9 6 5 7 7 5 8 6 7 9 8 9 5 5 6 5 8 9 8 2 5 5 7 5 8 10 9 
8 6 8 7 8 7 7 8 8 6 5 9 9 1 14 5 6 7 8 4 6 9 9 7 9 7 8 5 9 8 8 8 6 5 2 8 5 5 5 5 5 5 6 9 5 7 9 8 7 7 4 7 2 6 3 8 7 6 7 4 6 5 13 8 6 8 9 5 6 4 6 6 6 1 
3 1 4 3 4 4 4 2 7 4 4 6 3 4 3 3 3 4 7 7 3 3 2 7 3 4 4 3 4 4 5 4 4 3 4 2 4 3 3 4 3 3 4 2 4 7 4 6 2 3 3 2 5 4 2 3 4 0 4 2 5 3 3 8 7 2 6 2 2 4 3 4 3 3 9 4 3 4 4 2 2 2 2 4 4 2 6 5 2 2 7 3 3 9 9 3 6 7 3 3 4 8 3 2 4 4 3 5 2 3 0 7 3 4 2 4 7 2 3 2 3 2 4 4 
3 3 4 3 3 4 3 4 4 1 4 4 5 4 4 3 0 3 4 3 7 4 4 3 9 0 2 3 5 4 3 4 4 5 3 1 4 4 3 3 0 2 5 3 0 3 4 2 3 3 4 5 4 4 3 6 2 3 8 8 6 1 3 4 3 2 3 4 2 4 4 7 2 3 
11 13 12 16 11 12 8 14 10 8 14 12 6 12 12 11 12 10 13 12 14 13 11 13 12 10 13 6 9 14 10 12 13 13 11 11 14 11 18 10 11 10 13 11 12 11 11 10 14 12 14 11 14 5 5 14 6 13 12 11 12 14 12 10 14 12 17 6 13 14 11 7 11 10 
10 12 10 8 11 14 14 12 14 9 12 17 10 11 6 10 14 12 12 14 9 14 18 10 12 14 11 11 12 11 17 12 15 13 9 12 10 
11 12 10 16 13 10 14 10 11 11 14 11 13 6 11 10 10 10 11 6 19 10 12 6 9 11 13 12 12 13 11 10 14 11 10 10 11 14 13 11 13 11 13 7 13 10 14 11 10 12 12 13 14 13 14 11 10 12 9 13 6 11 11 10 11 12 10 10 12 12 5 13 10 10 10 10 14 10 12 14 8 12 14 14 13 13 11 13 11 13 10 13 13 14 10 10 13 13 14 10 11 12 14 14 13 14 13 13 13 14 10 10 11 13 13 14 17 11 11 12 10 13 10 10 
13 14 14 11 14 10 13 14 10 14 10 10 19 13 10 10 14 11 13 11 13 11 12 12 11 14 9 13 11 16 13 11 14 14 19 11 10 13 13 7 14 13 13 5 12 12 10 14 12 12 18 10 13 12 14 13 13 14 13 13 13 14 10 12 17 12 11 13 13 13 11 12 14 12 10 11 14 12 11 14 10 11 10 11 9 7 12 10 10 12 12 11 11 14 8 14 10 13 10 10 13 12 8 12 12 13 10 13 11 6 11 13 6 12 9 14 10 13 13 12 10 11 13 14 12 14 13 14 11 13 10 12 13 11 11 14 11 10 10 11 12 10 6 7 18 14 12 14 12 11 17 6 15 15 9 19 6 16 5 7 5 8 9 7 6 5 6 8 9 9 6 15 5 7 7 18 7 6 7 7 7 5 5 5 6 7 7 8 9 8 8 18 8 6 7 9 5 5 15 9 5 8 6 16 9 5 8 9 9 6 8 5 6 5 17 16 15 16 17 17 17 17 18 19 
17 29 25 23 25 23 29 23 25 25 26 22 20 26 29 20 25 20 21 23 26 23 21 21 26 28 25 25 22 21 28 22 25 20 23 23 22 27 23 26 28 26 20 28 25 20 20 27 21 27 21 21 25 29 23 22 29 21 28 21 20 25 20 25 25 22 23 28 20 21 20 22 28 21 23 22 23 28 20 25 27 20 22 29 26 27 20 17 21 25 22 26 17 22 20 25 20 17 24 21 24 24 21 23 21 26 24 17 26 21 25 25 15 24 21 23 17 16 15 22 23 19 27 17 15 16 16 21 26 19 28 19 22 24 17 21 20 17 20 25 16 21 20 15 17 22 28 19 16 16 25 19 15 18 19 18 19 26 27 19 44 19 16 17 25 15 27 18 18 20 17 24 23 15 22 20 15 24 17 25 17 15 18 16 16 16 28 17 15 16 18 20 19 15 20 15 21 29 16 21 18 21 17 16 23 19 16 16 17 15 24 16 15 16 15 26 27 16 18 3 15 21 28 18 19 23 15 15 18 25 27 26 15 16 23 22 27 3 18 16 15 23 26 16 16 15 17 18 24 26 17 18 25 29 22 26 15 24 21 22 3 21 17 28 27 26 18 24 15 17 20 18 21 19 24 4 16 3 17 4 16 18 22 16 15 22 24 4 4 16 18 3 17 23 3 26 18 25 18 15 4 4 4 26 19 15 16 19 3 20 27 20 4 15 20 24 19 19 25 21 19 16 27 16 26 23 19 19 19 3 2 26 26 23 16 15 16 18 16 4 23 4 28 29 23 21 4 4 2 
