25295 27757 58298 
164189 
228841 217208 391188 
15915 
368692 
305057 299785 346795 235203 171883 60381 114020 70225 181273 195447 206767 296392 342584 257335 288894 
4531 376389 12092 
191004 
333757 242570 79089 
93138 
397104 3487 290409 280643 152996 232452 175650 334685 200331 174127 56604 259329 189195 14084 276678 
314579 
214303 
150355 359873 282980 121534 182943 131592 82798 
24048 166891 12793 
6756 116646 227652 43723 233014 
238094 148306 253552 294721 246412 148646 
177704 28304 
39670 
67906 398956 42111 
352947 
129838 252667 147083 308827 244968 366325 44284 7852 107921 341639 210624 53103 206189 351247 236876 
348082 207216 
343788 128672 215766 113800 258253 6870 
323293 
208147 
170096 361104 44341 163905 35562 313918 86661 172681 122347 248593 383603 304318 244422 2907 342942 
106430 381290 
249069 155566 72485 
297449 201945 221138 
150288 
384489 98941 94699 
385345 286021 
239292 143679 359996 148716 357315 
20769 
110634 207512 
58635 364653 35521 24641 240399 320923 344162 389856 160832 221256 9982 171258 236325 357619 301963 331637 288828 115878 
358087 
19488 
63420 387826 86902 188626 121709 
154472 97924 299198 
292522 108948 
208501 383144 393541 
70630 327575 220308 75209 215854 97979 359717 30882 214997 187505 217226 369178 216611 103524 184001 
226558 286235 
181394 350560 132287 255395 196108 167763 
342236 
203824 
166621 
132749 
134330 156380 371326 56173 297163 304596 90140 81737 373212 324567 294908 292049 180909 21338 393131 274447 288545 218220 
345977 115523 
71876 125590 301920 305473 169757 
362562 
80472 170083 46469 232842 270613 231917 
43351 205660 371066 
243335 
238357 85359 83110 
274532 
160780 286628 291825 233923 43398 
355074 204065 323755 
188997 330330 27753 
214726 29830 238550 307115 253570 
76208 270070 328013 109955 271362 57197 186766 
126918 
47860 
363815 158005 59369 
85411 332215 254541 280288 300114 329110 
211091 195201 
285302 302374 
94604 
125433 342639 
90439 
192649 368234 369726 
197065 120898 199930 206823 100541 199020 
180291 
11786 
315137 
126345 
335283 
41414 
77691 
219545 171544 109416 
258302 
343502 344521 314073 348432 26396 182435 
238278 
205804 261105 159499 303719 18247 141429 65070 2838 230793 1261 74566 334966 231914 265722 328731 
255683 109661 339673 
238854 
208757 283615 
287815 35140 327165 
121006 
350734 
16680 195855 167521 
259447 288829 395951 295310 89365 293444 
81767 202540 364882 352472 164931 284949 261837 207319 299931 80598 46246 226544 134968 281691 118150 
340177 350106 164150 321340 171413 297436 
334777 
243563 
95416 
378774 361290 286093 
40856 
259737 
343722 
169364 
275124 8630 
245964 
319844 304937 
183950 
1019 331897 
230378 
351722 
117613 333613 138452 213847 9585 167618 145961 17455 240551 261065 37487 110748 266627 312 261369 
359022 209866 20986 
318852 251882 64990 
148890 278772 
260809 97775 177539 325917 307692 78584 89746 
107228 
99850 
250702 
210483 13975 1529 247775 232349 317225 
376132 
4045 331729 327891 5565 118384 352329 338257 190259 75017 171888 208573 177336 134864 228255 157049 24648 169890 341029 
159461 223274 384036 135800 226925 302544 
25646 
188261 147157 45551 10344 260015 
272088 177846 255574 235253 391709 28026 360372 
139721 
206694 9742 79011 
269614 
298040 
115619 109650 72992 
249282 
175009 212316 272101 78478 48406 15937 
298443 
37489 151125 151019 246837 260261 134379 
226975 
5942 
29714 352388 
310265 54102 72442 190782 115500 289686 
385512 163275 123972 86230 383537 395726 398157 66530 330105 209362 99259 61555 52231 37058 199534 
337402 
253498 192627 150967 120245 175624 397149 244017 153934 259922 374939 90150 242627 304467 117839 120823 
360717 
194416 316456 139171 
136081 
235740 63083 228891 15387 34517 42233 341048 
196022 
273947 182298 
14470 169704 292323 
270989 
310393 72475 30739 71570 273691 77131 208592 237821 7750 29397 
159148 
365760 
374677 
29630 
24958 
63924 
269090 39698 166513 305497 394154 65237 
90889 95582 
99087 130986 
145728 
370318 
3872 166213 287754 342573 51795 12139 297239 190990 270561 20560 22542 179551 251383 127236 62200 
254545 
330050 
380616 
348101 
141639 355070 277626 71500 352060 383066 
84687 
228650 
285411 90151 54304 
193297 263917 78355 
140012 
316103 141077 
249943 283004 228673 
319266 
149594 395666 99954 391119 191577 
47801 144002 74280 306960 281066 
186406 
103561 121851 249146 393576 29494 191315 377137 273424 198890 360377 
40461 373843 121081 281016 328078 164490 48616 
384811 241499 
393553 328955 130040 
310541 
263391 
370445 38876 251909 
3656 
328301 314428 303785 168579 391259 238778 
188854 124219 322072 159077 246914 2038 
304409 295460 158984 248570 213981 162927 195873 67186 88414 127649 311635 185698 71920 158036 383947 
241890 247411 127545 336830 160058 118523 
378993 161250 28048 
219786 
103802 
358368 
346012 
203532 
209981 75410 
108395 
121104 226031 140293 
41535 296398 214803 
286089 
277356 
167705 338823 206352 255556 298948 254609 
385693 
224215 
286577 
224087 87496 
291327 
342200 
13172 170857 333863 368834 143102 213053 7979 
133173 190178 367046 202247 5217 
88466 
115417 1737 231146 161271 111358 381472 39498 240544 337591 129471 
177254 190090 74426 
132068 7974 249733 82062 307618 
31971 
95238 
174159 
38507 108443 
11624 
399244 176565 301766 174707 37417 271192 203946 174963 52443 324318 
12267 
178577 352184 214643 
243148 398328 145218 116458 321494 234613 
361387 251189 277620 
52003 
362730 10624 
395782 
71116 
366963 391146 
381381 217662 63180 13927 221298 251264 165300 149676 141008 21132 252240 217244 99935 170993 140204 
175491 83673 263976 
151526 
362596 288922 373776 388585 278410 165963 319701 143425 321940 171166 
16860 171343 262368 
39384 
309890 187289 
99743 332349 271562 354149 74209 
325262 301519 
225428 335755 59301 16985 278770 19469 
366186 341181 212126 
372779 391991 
359809 208803 
368715 229065 58450 41875 33253 96319 132407 30668 219248 186049 
248725 172246 386906 
371198 
231430 
89259 
146778 19988 280035 
103940 100446 221667 
19763 298549 
155560 
27500 54903 150329 282312 126794 
174212 164841 65944 38239 294296 
118745 38500 
41078 
144714 
220309 172999 
19822 356524 
142683 
227437 281259 294009 
273445 
225193 357085 175030 285834 120197 76132 
147613 
174691 341041 
23748 61476 
169398 
324916 3814 342472 
383354 103521 
167080 290889 188882 
285659 129640 
245030 
13957 79093 278318 
226790 
41042 47728 332975 
4911 
308386 
143220 65555 169943 191658 11694 196422 
150508 279164 174880 290867 295232 46099 351100 61783 358334 215077 392160 27745 45257 287359 391540 262406 95667 60732 
152023 236809 
69533 161710 90433 310713 317472 291959 93732 309264 35492 50872 399500 247373 270151 376262 298396 
334603 
348670 
106437 271289 94190 152178 169733 375183 
47006 
397447 260175 
258358 
305104 170614 
392158 
307854 
4352 252957 109755 
298247 
327562 
302417 
174853 300702 268721 
383945 353933 203458 
56053 233240 383619 
274922 
217467 
188495 33463 140887 373457 39264 308187 
283211 
317908 158426 148146 279263 195070 
182505 352478 
3313 30868 206400 1102 391802 212844 
91124 45617 
53056 399447 350629 82444 362147 
339836 165755 
184956 56319 379880 
60745 300782 277892 
36516 99591 166091 345649 280665 276882 
5775 
358767 
383617 191793 6652 181976 155894 
30930 
286240 
149012 21608 289607 360458 287384 166740 22328 
132063 
250548 
220655 346180 44148 
201742 194471 26749 49068 207231 186351 151459 309252 60140 141982 99052 220003 165495 291372 285690 
184154 
42422 
156150 56839 50640 
378522 
355479 50192 200611 
250971 
342078 
165046 138654 251966 241938 192805 376518 
177504 
115671 39964 317521 259070 107186 221327 319484 103982 97494 229750 
79524 21230 232867 
254253 
268026 120504 116244 
129996 193066 223945 370137 131101 396120 
189935 174952 268808 45162 283345 190711 
11280 
348711 225399 28682 140929 208972 125113 
386053 38027 
86341 
56654 
305521 233201 42513 39164 355524 
56064 377925 
354344 
346071 195909 61537 
61638 
395561 206058 
26256 384192 7003 
268055 223672 251358 31477 180010 271899 88578 
367076 
149617 
236468 249958 395420 
8521 
71789 330667 349668 181813 335893 170038 4065 
91540 
397736 
55636 
254850 22272 362440 98281 352117 321893 100212 157318 169558 324122 
226782 
196583 197249 
287720 357940 298957 
305050 
92645 100695 320949 
262018 
247792 
284134 
17115 
341274 
78566 21500 372665 
75401 
52306 285460 7287 
236760 
214494 129735 
308004 47369 90776 
367317 
212106 
380908 
41377 418 
283523 381326 149871 
209232 
88592 
3191 239807 
260798 327547 210501 12917 120680 
155519 230400 252411 
20764 32364 217379 
165422 30801 
134993 
183697 
131545 148533 52823 
235752 94714 272199 
262934 109520 154174 103409 176008 
327751 
253871 290225 49170 
292449 34832 349162 241209 302179 160257 17355 85945 46152 341486 
345351 
376547 
396528 
144285 
36274 26601 
287809 385444 
20909 316341 259552 
87207 
100081 
33738 322685 212307 269337 328020 385810 20820 
90677 
365021 232598 22730 326232 28428 
126807 289339 302426 343678 290723 397334 
15729 
259625 111856 19350 
18378 
98241 7085 119951 
203538 
127373 
131648 
307956 333013 299708 70876 175104 163608 220697 166289 314491 328439 298313 320991 318049 355978 146275 
349653 
302429 222343 65077 75883 172591 167562 
86964 
183053 20027 259524 
157930 4560 170971 
48166 72846 
98610 
184115 
334402 
185816 339104 69862 78094 44857 363998 
11652 344770 354092 
154323 42388 84577 92496 68280 
143024 398360 40991 188418 149890 
10745 
26660 
334304 368774 339659 
215367 256723 399578 
89240 
196328 
235089 
389036 
315598 
294321 282844 354938 211852 397410 29660 
347819 
116218 150725 354814 
237991 
126834 313248 141604 
62102 283969 312714 148590 171391 398889 296884 
12054 110110 366198 
77585 151083 
237421 37025 46848 143295 307573 52528 291557 381461 367090 306049 46486 209489 311367 343517 181533 152843 255483 198959 
390362 
392550 39849 
58465 
115038 
12178 
203733 
217055 
271537 
107074 5810 302158 17793 397290 54756 
153984 
173979 
237548 
190005 
359821 
317859 
10244 375865 
66230 214699 30157 
160837 300115 395418 
30023 
163737 
76002 129119 
301502 
88884 
396520 57067 
61363 
299467 312809 38138 
26379 341120 
31329 83581 273665 
259734 323383 359788 237085 358239 315961 218023 147308 31779 282444 355189 32374 14741 379754 187964 45475 8665 202177 
278531 
372991 145157 197583 263191 9951 
143683 33422 4188 247529 38606 234246 317280 63327 338233 344996 21042 280678 167491 179967 195747 215506 220883 62335 
397780 
173846 
293172 97843 371890 
305241 121458 112207 
50310 
161195 330316 372671 
349292 8655 100817 
366176 323075 102755 
