7058 3054 7280 3986 
1157 8863 3719 2316 1883 1357 5101 7892 5297 8408 4547 2795 6382 388 749 2845 3865 9150 2708 
9261 6556 5746 529 6619 2156 5365 2730 2978 5986 7899 3512 
4148 1767 5858 2793 7050 251 9400 1361 5397 9014 9875 6718 1109 6895 2897 6969 7030 2918 5620 8194 1955 8959 1489 4580 9297 3267 1199 8079 256 2128 957 4315 4519 7528 5089 505 3418 8039 5851 2499 7138 6897 4974 7027 526 4102 2734 1352 2065 4966 8326 488 4648 
4484 
1980 8596 2635 5021 2255 
3395 5241 2239 6311 1461 1868 8977 2532 2263 3622 2768 186 6071 3619 5956 
6195 8445 8750 8759 2001 
7966 3028 6710 4884 6644 559 9006 1067 7127 38 9711 4800 8823 5151 5215 1756 9813 
5248 1267 9630 2343 
5295 4768 5257 7117 7389 3694 2183 4417 6407 3035 1559 6259 4209 5079 2196 8449 
6372 3126 5138 1085 9838 3399 5353 8968 3185 9386 5549 6546 3901 
2839 5177 7698 2836 5487 6075 8762 7641 7443 3609 8613 2267 642 
997 1298 2331 3225 
163 3198 4698 2231 3004 8884 9695 8783 4767 8002 2977 8400 7924 9886 3941 7604 
3964 3423 4684 7986 8548 4751 1797 5229 4647 5938 6263 2395 1893 5447 6733 5887 1515 5731 1970 
9076 8334 3158 1801 8788 
9198 6172 5961 593 3182 4779 321 8103 3838 5336 736 8126 7263 3495 1231 4752 7250 5951 7780 6996 3553 2446 3614 8317 6280 9124 1446 7891 3040 6925 1150 5981 4941 4491 3628 6425 4092 3923 7310 7133 3366 2569 3361 8410 9954 746 8695 2586 6078 3368 3451 3598 5883 4298 7718 6712 6713 4388 5368 8479 1242 6009 71 544 7674 4783 7985 6887 8145 8318 5758 610 732 7526 5141 5766 1106 4253 8087 6853 5971 9762 3093 4470 1530 8010 5055 5856 7078 8314 6418 2647 1595 656 59 67 5542 6715 6402 7195 5788 9066 8098 450 8606 1907 2968 7669 3571 9895 9389 2865 1318 4073 5250 1700 6391 941 5406 8556 5899 2178 5536 3677 6434 7968 6549 4846 674 8706 694 3033 3461 5672 3925 0 4276 9650 3141 
1206 3433 6886 8480 5576 1174 1370 3099 7083 7667 2951 5167 2003 3563 7100 7220 5438 959 6765 8464 5647 7944 8335 9947 2539 6854 6986 5437 3167 5730 3985 2494 5511 1180 8178 4251 9127 1439 6475 7416 9731 3710 2364 1715 1190 654 90 3265 9873 9462 4194 1731 3524 5095 1942 3392 2540 8749 3991 7689 1751 4193 2272 1930 9172 713 3802 9498 6577 6833 3806 7430 1779 1307 
3639 6233 795 1931 6001 6171 943 6414 6148 9490 1165 8701 9347 
3296 4744 6255 7699 3063 9615 3583 6045 1405 1394 9693 4923 6448 116 2344 5917 
8839 3006 7541 5880 5648 
993 79 89 8602 9835 1936 703 3747 6817 8254 530 4915 3624 
9447 8007 883 5714 3235 8805 609 3398 4449 1118 2546 8133 2197 5411 607 8430 2171 9754 1752 8574 10 2274 554 8375 3654 2934 6978 2707 7252 4143 9694 9314 7941 1328 9321 7178 2975 6650 
6490 6482 4746 8192 
9631 2029 4590 3112 4351 7588 3545 3246 1852 4158 7807 4184 4400 5640 1836 1024 886 8279 4028 7166 9846 350 1271 7551 873 3121 9763 8804 4781 9338 5448 1643 6720 3716 1173 3713 2018 4095 2571 2228 5599 442 431 8802 97 3992 5659 2580 1594 5081 2414 5794 8938 6908 7208 2702 8164 863 73 3030 1312 9242 6244 2662 3396 3411 7964 7055 4802 
3297 7956 1771 2386 4862 
7827 1788 7911 3237 
1263 9574 2609 131 4341 9805 9620 6413 7933 5533 8466 7413 3173 4436 2765 945 9652 6138 9794 7845 
1814 8979 7543 389 4646 3977 5253 9106 9928 8504 8159 3211 2392 
6867 3134 2905 5093 2552 4145 1315 3106 714 8539 8665 7013 9648 3023 7984 9406 1958 4511 9996 2533 668 4018 6533 1601 3402 3049 2017 6912 2599 3983 9405 3186 8275 8285 1510 9305 9466 1182 1321 8278 4874 
3535 5362 2904 1664 
4667 5959 1851 5478 7760 8300 2287 9100 6835 6961 7271 
8810 7201 7858 7014 7832 7583 6858 5713 7062 611 4256 3466 6390 4217 1424 4773 8722 6051 330 522 
1539 7205 2261 8698 8774 
424 155 9489 7001 7972 2866 5060 7363 3649 4189 7295 5051 4069 5876 95 5962 8795 5864 6415 210 6111 5061 4070 
2967 80 1738 6417 
1996 1532 8053 8017 
6127 3233 1184 7343 9433 8526 4051 7942 3577 2743 566 7439 1999 2827 
5077 258 1303 3180 4082 1844 2806 2470 1517 6056 6694 9837 7212 4738 5779 1375 6582 2266 3736 5347 5629 9843 7230 8590 8107 4657 6614 2684 4002 2093 5566 9597 4114 9662 9722 6165 6831 9668 5820 1829 2148 6503 467 2576 3303 4122 7915 407 8951 1677 6345 5054 5809 4641 3875 2259 3321 6237 1671 6593 2404 3498 5637 814 3868 573 6253 8447 5826 7353 770 5523 9201 1775 9791 1012 6184 9382 4071 1639 952 4156 6723 9869 14 5532 2944 6832 3394 6885 3209 8796 179 7258 1300 8580 8841 9686 7764 3444 9593 3788 5396 2903 2965 976 9364 9774 1898 8719 2898 8040 7580 274 4572 1586 4978 6274 5156 37 7799 7458 2290 7860 813 1661 8283 3711 5678 5252 9026 2842 1509 6324 7736 7300 5931 7155 6815 574 232 5855 8421 4371 6231 1886 7074 2465 451 3763 9624 4 4903 5390 7276 4288 2248 3585 6873 2602 2681 6156 9950 8771 2850 8450 4150 2303 3413 9339 683 3319 3950 5473 8080 5621 2777 491 3449 8391 516 4564 9915 6088 3952 242 5817 6131 6351 2529 4723 1815 8546 6412 3862 7628 5263 2100 8635 1006 7678 5947 7226 3104 5003 5370 9856 8502 1187 1438 1689 4678 7668 7721 5356 8858 6486 1593 2348 6605 353 8267 7427 4670 5489 6293 3336 183 9779 5496 3322 528 2496 9241 3002 9264 6084 5644 2280 5973 5273 2025 3753 4033 3537 307 6290 1010 3889 5653 1960 9757 695 5293 3491 537 6884 9734 7234 1697 8489 4286 4581 3464 8233 9379 6663 7059 6953 380 6140 3687 7309 2930 1953 2466 8768 9113 3791 247 5358 1005 3755 9937 1325 5726 5815 7028 688 43 8048 2715 56 6116 5175 3851 2306 564 8245 4658 5677 5853 6976 5386 6654 5594 502 2685 
9642 9992 4784 933 3643 9344 6086 8643 6763 4637 9020 9476 4727 
5556 2169 735 9539 
7690 6258 5407 3010 9591 6340 2512 6691 4493 6617 2330 5795 4233 6473 8091 5737 7818 4116 4460 7918 6517 7414 1339 8710 8462 5272 6133 7063 6014 519 9359 1049 3836 5230 2014 4252 9981 7504 5147 3234 7791 2828 6099 4340 7782 7415 781 2513 1304 8766 5813 9867 5245 5666 6048 3696 9559 7850 1654 3550 2676 1725 3655 5454 7957 766 3190 1838 3684 4554 9750 8448 4816 2131 9655 9506 7116 7037 8846 2223 9855 1057 4032 9868 4003 72 1168 8119 4818 296 764 9394 1577 9304 6273 5200 776 6454 1665 6905 7768 2485 1870 222 8453 2328 7664 3656 8505 517 4353 8552 542 2327 3503 8443 8496 5769 6083 9871 9749 3009 6038 5664 898 1720 8712 4929 2117 8442 5738 4608 2136 3375 5000 5983 459 9727 4277 563 5113 9294 664 6326 2091 3860 4418 3475 7948 1181 3706 6704 1007 3741 9302 1531 6889 1210 3685 4707 7772 8702 6421 947 9451 7065 3821 3979 7873 1430 7649 5134 5810 9442 8666 7231 7326 7068 3132 2064 3935 4289 4719 3572 5024 4624 2840 1179 9543 7442 2139 7454 1876 6256 9679 6141 5163 3623 755 5693 3151 1097 8230 8812 7640 6410 6632 3170 1972 1772 5188 8864 3932 8162 9010 4760 
8457 8042 
260 1120 5383 8256 2853 2737 3757 2060 4455 7857 8725 122 5249 8331 4228 4186 5796 3601 8185 3467 5240 3910 419 4652 2063 8769 8294 2075 1920 9841 6025 9823 2176 1977 3362 3657 6091 7885 
6065 8923 7961 9268 858 4810 153 662 2210 1258 
6767 8439 5351 8818 
7281 8845 7975 8947 7774 2971 1433 7130 1535 8051 3069 75 6982 253 5121 9933 5838 3785 2927 805 1642 3620 3328 6235 5267 9862 7661 
1296 6641 2363 1149 3174 1840 7073 8120 5393 6174 9093 7277 6034 5197 5519 2618 3283 4323 6248 8064 7267 347 3501 2890 2979 5125 8081 1246 8287 5747 1319 7936 3636 9281 1837 780 7069 2193 1773 1748 1854 1511 1467 4118 2566 3870 1286 9814 7631 6505 9571 7732 702 7056 4333 1538 4529 9018 2940 5416 1371 7830 3858 4103 2794 6882 8956 3287 1218 9975 6728 2028 2400 1102 3064 6871 9596 1030 5616 1426 4243 5108 3051 4957 7184 8826 9111 2383 9090 3241 7463 2384 8193 4677 888 6548 3387 2610 5579 5046 6356 5934 
215 635 3206 1911 
9913 1348 7646 3600 3804 
3820 2760 9479 3294 6277 4729 9586 8432 701 2027 3446 4011 
6431 4872 5266 16 5374 4281 5798 7070 4303 9428 4666 3913 4720 3666 7162 1988 2264 
1293 3039 1367 5247 9369 3840 5575 9626 9114 9068 4939 6359 3203 4916 6365 4523 4575 2242 8516 8212 2138 9486 7665 916 6603 5482 8030 5657 9378 2110 602 9398 4245 8534 9169 6523 6439 7980 839 1842 6314 2124 4457 5615 2111 9390 6216 9007 
8560 6568 7995 3801 1369 1076 8237 6468 3556 2652 4117 6637 8124 7605 2425 3071 7049 9861 4656 199 
7874 6032 4989 7840 4750 
341 2415 2972 141 7383 6304 3615 3722 9497 2260 7792 6325 8811 777 
4282 9166 1483 7202 9551 2288 2811 1158 1034 3841 503 8953 9760 8177 506 4737 3157 7237 6640 3942 8661 6573 1205 4735 7749 7387 3502 7051 1901 855 1269 5544 4663 8503 5531 409 2351 1687 5627 6552 
50 8140 722 4195 6440 8189 2408 3859 809 5674 
837 227 6557 583 1313 9790 7374 2438 7357 2813 4318 
753 5285 3431 5313 4356 
644 6079 3594 1388 874 8960 769 8174 6378 7602 2563 551 9719 5237 
8670 7692 149 5683 3256 
4960 5442 5562 1233 
4922 1235 8591 865 6745 3879 3345 7502 3963 7253 3298 3306 4699 3469 
5298 3844 2810 7546 310 128 2192 4396 3638 1401 9107 
1841 1103 5470 2170 
2104 6484 9885 7422 1981 9611 1575 7384 5584 4611 452 7247 2491 9078 162 8214 2695 
3089 2397 738 8232 
1189 8452 8096 6037 140 2670 3922 458 7344 2550 1947 9415 6714 8690 1528 1877 6540 9303 
7435 2289 1425 4809 1758 
9330 7153 3610 4952 5040 8755 1810 8258 4682 6160 6215 425 
8243 4230 4079 6726 9766 6810 7410 7670 5696 1685 6230 2846 
2961 9776 3138 8742 6252 4972 6495 5712 2180 372 4683 1198 8946 
5515 9918 7024 9213 2786 5676 1826 7627 1018 9228 5100 7485 3887 5953 1471 3764 7755 3220 9785 9502 2319 158 3976 6404 
6790 2745 9088 1445 
2988 9274 240 7323 2475 870 3062 4983 3504 4592 5649 5159 2663 4198 5210 2626 6579 3940 4052 1578 1334 9121 7955 9907 3723 7373 6494 9703 4807 2421 5320 3832 2726 3591 6144 6055 7881 2326 9773 1714 5605 1566 6999 1741 
6771 3315 3792 326 8411 
2080 9883 3527 2008 2375 4540 6539 6109 7672 7743 9765 4058 634 1265 5155 1975 2013 6740 1056 8822 4234 5682 7790 2976 8054 3848 101 2950 7351 6708 176 1457 8444 1749 9277 303 6343 6590 8234 1656 4427 2219 1506 4507 1546 7434 5 7109 8348 
7879 6334 9833 3087 823 1897 9531 7291 5503 8676 8721 2783 8644 4506 7167 8413 8511 4820 6201 3435 106 3904 6917 9426 2946 8797 2974 4808 9666 3482 5833 8970 842 6988 884 2826 4638 4065 3897 733 7663 3778 7754 6204 8874 6784 7185 3576 413 6458 342 94 3872 8211 7169 5521 2530 1272 7559 3155 4094 8235 1226 6968 6161 6567 3202 1606 9957 6207 7064 5341 5555 58 9592 3756 6639 8384 9903 6436 364 2463 2054 9311 8945 4022 3590 6825 7561 4129 6097 5626 1101 8501 832 9475 2887 4009 4956 8337 3549 7798 9929 8588 7382 9374 712 3115 5475 3673 8138 2696 1646 1423 411 1429 3096 9236 9126 1311 778 8673 2814 4790 6142 9343 8186 1742 3881 190 7011 8636 2877 853 9847 475 9904 7438 6626 3724 5097 6872 4675 7256 322 280 4585 8975 9345 8564 4257 685 7814 2377 2673 9887 6506 7934 2589 3019 1023 3861 1427 3216 8536 508 3891 2234 9503 3065 8912 4317 171 7061 5750 1119 527 2460 7444 5646 4721 954 5044 4597 7571 3745 9746 2125 7251 8024 5966 5502 8976 7659 1585 5345 2752 8426 3072 5522 4794 7819 3021 3292 8882 8973 3032 9511 9807 8740 9735 658 9013 8324 7151 4283 9949 8144 9585 2273 7360 3436 613 8073 9334 7542 3882 6622 1881 8770 9820 8500 592 1093 3323 9654 1745 5792 292 2700 1518 1276 7771 7033 7854 9368 4321 4639 8595 478 8389 6963 3101 9723 4305 7121 7437 9481 8686 8685 3213 8001 5800 7872 4991 9878 3261 3367 1203 4320 6000 8794 5982 4999 3906 206 4136 5651 799 3725 4649 5658 2483 1214 8980 483 4728 1482 650 5190 4762 2382 4458 408 9008 3148 2683 2741 1372 9812 1127 8200 7407 8949 8105 8260 8729 4147 9872 7496 7926 9554 5733 2358 5891 6670 1711 7643 1966 2291 7622 8050 2515 1470 9196 7584 363 4304 5002 4290 636 255 1412 4215 3268 8067 5050 9582 4471 3909 8058 7420 4155 4531 3717 4001 3581 1638 6674 5859 3240 7417 2920 9218 6778 2191 8668 7907 3779 6020 9781 8387 6788 2896 9725 7855 6569 2101 4626 382 1761 6206 5888 6901 6562 4544 9473 2396 3817 8611 4838 8360 4393 7305 7224 1739 8704 178 1856 6565 6880 8800 3621 9081 4831 1474 7747 9669 747 7317 230 5339 5367 5732 3153 7545 5785 4227 2732 8156 5405 4496 1449 6842 436 9758 1440 1682 9275 9826 4821 604 5919 5238 1108 2874 2042 7118 6072 1985 6862 5236 5302 3363 2779 9458 349 8259 9714 7146 3136 5287 1139 2011 4494 1651 5349 3703 3154 2829 577 148 344 8044 4093 3047 9333 7867 5708 3522 5944 8095 6927 5707 6104 1362 1766 8777 899 9726 7316 9501 1 8356 5978 7904 9265 5104 5999 1754 4487 2661 3580 2214 418 2317 8537 4499 7207 5686 6918 6042 4258 5689 
8550 3644 480 2909 1485 5673 8070 1753 9844 439 3857 1282 7358 7531 9691 2449 405 4990 9310 9880 3176 
7505 6250 7719 5767 7173 1201 3221 2655 2570 84 9896 7003 6301 2859 7163 
1001 971 7586 3286 2422 5865 7615 8916 8674 1137 8908 8549 9432 9517 3274 2674 6584 3869 4694 7713 8647 401 5452 3893 5704 1579 5032 8942 4128 5854 4925 807 5317 1778 8901 36 7569 2314 165 9063 5387 8493 495 3612 1094 6538 4705 4606 3412 8607 1884 2817 5166 2095 295 6102 2837 5591 6061 2694 2279 8340 403 9829 4660 3479 4059 435 6860 4766 596 829 1548 671 9203 6077 2881 343 3222 7949 9986 3978 8390 7906 1407 5499 2202 5063 6321 578 188 2521 1831 9701 8829 1678 7537 9441 4911 96 7390 8297 4107 7863 3374 5036 7573 9209 4316 9 1350 4498 4867 7406 4119 8435 3653 3534 5675 2855 7006 5170 5661 3457 3103 7171 1349 4385 9463 2984 1243 7510 7019 834 3309 5553 2257 3252 7989 8261 6796 3880 6166 2055 4713 3981 5165 3682 9148 8322 2282 6962 9131 8498 5444 3647 4777 6684 1991 2067 2880 477 9865 3128 5910 9780 2751 2809 866 5305 6802 2936 5199 3574 4797 9136 9638 1431 
7279 8244 8918 1055 
3212 9500 313 7490 
8862 4513 1031 6777 4267 2368 6510 3422 5300 1283 9741 494 4830 4805 7023 4912 57 8474 7943 1621 
3604 3561 4294 4369 1978 9395 3251 7797 7682 4229 
7619 3114 8566 8619 
7950 4437 5799 6302 
1791 3409 7306 5099 6303 3003 8684 6830 243 7242 3371 6453 4398 827 9373 4708 1845 999 9971 5991 9453 5571 3863 7412 2900 6566 1044 5422 2941 2459 6004 7154 9712 1563 6628 1637 7750 3905 5344 1605 1146 7826 6660 5645 2450 3899 3160 1896 8033 9482 5001 138 5996 9065 8266 8746 3492 5984 7506 8454 8027 6551 5206 2641 2162 6145 6008 5845 3641 1610 7866 8612 3626 5316 6360 2129 5625 6756 5703 6183 1527 5425 8437 5897 8523 6974 4055 869 5592 123 964 4994 6625 909 4174 1170 7428 1455 5017 8640 7364 4176 8571 6989 1599 4419 6859 1959 7152 9573 1501 3181 6388 9059 4312 938 689 4375 774 1161 9850 4918 9494 11 1027 758 8737 1592 4085 8626 8468 2957 6500 2417 6944 2085 4479 4510 1166 390 7645 5722 8289 3565 4560 8451 4098 2604 5291 582 8123 9340 4366 5078 1667 8583 2369 6294 7920 2608 6534 4843 2801 4090 7630 2929 7134 5988 3709 5604 2885 1177 8883 7060 9095 3465 5176 7180 5323 2122 203 9608 5027 6513 8131 9639 5080 2590 8736 8681 9894 3578 5207 3493 7939 4604 4782 6997 6335 3341 4765 3564 605 9680 6819 603 3573 6469 7315 511 2229 4759 5835 6508 1551 2112 489 5701 1679 1039 8837 1486 2044 5314 2437 9266 1812 1508 2389 6967 8099 1287 3450 3357 5600 3245 8657 8012 4549 7449 4354 2561 2996 692 6347 3117 5937 9884 6794 3767 7563 3056 8419 180 1562 194 569 2442 1154 3488 6877 6163 402 5764 299 5751 233 3920 808 3088 1082 9743 2252 5014 6005 8268 7236 3016 2612 987 7337 9425 1308 1962 5023 1660 9637 3739 3419 2981 9587 9158 7285 6981 8609 6261 1956 2553 2429 7411 8269 4514 2471 8572 8705 3730 2636 9958 83 7044 3575 3008 7896 4571 8309 9098 3729 7838 2361 8943 6281 5723 5824 2693 4715 2547 324 975 66 5074 6203 4337 5925 5149 934 34 3867 8106 360 4700 4434 4293 487 5778 2352 8806 9091 2127 3354 2205 4408 1576 3299 9214 7101 6607 7084 3602 986 4464 894 9092 9598 3364 2790 1727 2894 5066 7868 3034 5357 2773 3789 7700 7820 8893 8361 6800 8009 6509 3560 4482 7329 1568 3807 8569 5392 562 422 8950 1020 8747 8036 2302 4200 9000 1013 6027 5072 1615 6530 1389 1830 1393 2659 2030 9387 2293 3837 3965 854 6599 5578 6435 8347 2209 3957 4770 7088 4984 3689 5212 2536 8038 3634 3391 2324 6695 900 1674 4593 6332 52 7132 3144 3781 5952 8819 5465 3131 2198 3648 6855 687 3403 6355 3421 8618 2718 8354 9234 5894 8616 8380 7552 5304 5399 1965 9383 5879 1494 3635 6151 2467 7105 9901 1464 2849 960 5486 1795 4424 8919 9566 1619 4787 8000 2053 5120 8724 1927 8392 5070 444 9748 9604 1477 1873 1254 5469 5427 6816 7825 6874 872 8631 1194 4443 4975 2677 2541 1885 9541 1400 4135 8894 3420 729 8132 8165 1925 7187 2901 142 7695 8206 7683 7125 5227 6609 6357 8250 3293 1984 981 3702 4181 6542 5385 7568 5886 3150 5844 9200 1088 501 7181 1019 5867 1228 420 3967 1133 1969 5223 3907 2412 6750 2742 4285 1196 192 7110 7103 7962 5467 7086 4222 8277 9456 2052 286 864 705 8434 112 5107 4864 9808 5597 5331 2498 2216 5842 660 3127 3823 4426 5546 4948 3046 645 745 6913 5596 4421 7464 1229 9647 3061 2492 6018 8915 6399 9448 2579 214 3679 474 9956 7017 9159 1021 5547 1627 8849 9752 7221 7812 6200 6984 8427 8707 2338 9005 6217 6279 3085 3236 4686 3815 4132 4932 534 6493 7039 6689 3886 632 3122 3946 3177 6459 2963 7270 2518 4365 982 4087 5182 6638 6502 5924 8828 7474 4882 7523 4955 6707 4249 2789 1536 3133 338 1645 2366 356 8228 3911 5379 6746 9698 7940 9508 9690 7431 669 3797 1789 5474 6883 7837 5721 3302 9230 8622 5976 5434 2854 5691 1850 2385 9435 3954 9238 7744 6129 7432 8302 4042 3570 443 5669 3250 5015 335 6669 1290 9332 721 4528 9609 9424 7198 3898 102 414 1733 3919 6323 9614 6093 7429 9015 1178 8899 1818 2002 1995 2237 9936 430 3407 8484 5209 2780 7330 9273 5202 7020 9825 5235 7614 6789 6643 7800 2447 7997 3975 3544 3726 4998 9755 7120 6787 5524 2697 8754 3766 3481 9530 2068 9764 3445 1633 661 718 3846 4043 1384 2908 9633 3351 9718 9670 8249 6892 8868 2958 3546 6154 8181 9284 7687 8994 2134 3674 387 750 301 9312 8734 1782 2943 5752 4020 2913 8803 6 5690 2699 5296 4756 6799 6134 5757 3775 8385 988 5258 9047 8423 6234 8867 6243 8920 9324 5160 4679 5684 6208 9822 177 9399 8180 2186 2621 9605 3437 29 3476 5724 2502 410 4242 8683 4005 6893 8931 6671 8648 2 1504 520 1419 507 3031 5570 7639 4605 828 741 1673 8519 5030 5793 8351 1964 7581 9419 7214 6460 6313 5539 1442 3258 2843 2182 4159 5417 5913 332 8801 6284 111 7831 69 5292 3288 472 1906 8809 8025 1693 1274 5455 3490 4035 5192 4483 615 5529 5419 9802 6474 6655 6904 8157 7448 9621 3352 9056 7597 3108 5550 4817 8998 647 859 5960 1798 9793 169 6164 6762 5590 9736 5340 1086 5169 6692 9882 3194 6159 68 6197 4569 8847 7381 7817 9522 2399 5871 9367 651 2374 956 9183 8492 4019 3400 4774 5088 7199 6229 5481 9879 3566 4848 6879 8047 7241 7355 2548 3017 7908 2000 9899 2953 2893 25 9702 6466 9889 8990 5146 42 5711 7828 5013 2149 4207 8117 8167 3746 9028 3055 9860 1644 5132 6287 6631 6697 2587 5650 5102 5288 7048 35 1365 2200 7111 3441 1743 2615 881 600 3082 9628 9003 5759 2607 6553 5768 8065 5537 2808 5881 912 5491 4958 4662 5110 366 924 2747 4224 4710 6826 9118 8072 5697 9043 5179 2126 5739 9839 4629 2155 7318 8083 9590 4017 6060 2430 590 1451 5471 5593 3790 8291 9538 7264 4806 5315 3020 565 5904 8664 6126 3808 9973 2617 1159 2476 7805 1823 2094 6966 8592 4370 8388 2390 6827 40 4015 268 2007 4791 2538 8019 48 1397 2276 4566 4335 9168 7497 3187 3762 182 8586 8730 4795 7953 4526 5869 6744 9753 5552 7815 4279 9700 3943 6836 4953 9603 1063 3439 6489 6153 1560 1613 8599 7320 793 2469 6598 4871 2841 6289 9740 455 3353 7259 7538 9480 4144 7468 6846 
3772 8076 1540 8753 4123 3692 9437 8382 6822 597 2121 5224 8336 2315 2782 9002 9819 2212 3453 8210 1681 6995 1491 4041 4685 7047 5152 5560 
1122 1268 433 9772 
7395 1617 461 2090 
8604 2187 6136 1923 1561 9557 6682 587 2889 4726 2173 4849 8005 7243 3171 7935 1867 4074 9927 
9969 3676 9464 8761 7472 
761 9842 9335 300 4334 5784 1587 4696 1598 7000 7756 7336 6949 1454 1336 9477 1620 334 
9902 4445 8678 2049 2769 2041 3955 4469 1264 1846 1808 8209 312 2277 9817 8895 8876 5443 
9217 861 2313 1191 5262 5114 8703 386 4786 1770 1402 510 3218 
679 7970 462 3275 
3487 5395 6764 3339 9151 6033 3097 9806 8790 8328 1126 5421 8538 
6857 9888 5310 5841 585 2285 4399 1095 8986 4635 9717 7222 9853 7606 8173 3330 6686 5987 3438 5884 4010 
117 8660 5932 6753 
6611 2481 7398 1437 
2868 1241 4345 4832 5289 4172 348 8313 1584 9320 9564 6465 221 7553 377 
6940 3939 132 4650 2514 6583 285 1759 7745 8639 4976 6971 9941 9356 3988 1275 3152 1466 5076 757 5802 8582 1713 7232 4014 7313 7914 5201 7087 7284 8075 4937 7530 9783 3934 1616 9165 4731 8720 3247 2233 2989 6820 4822 5914 7516 152 8909 6511 910 2046 5423 6839 4897 2323 4891 840 6578 6288 7457 6387 5846 1396 1175 8307 8646 9970 2922 5828 672 1998 225 7183 4226 4850 9832 9366 3043 8378 817 3278 7834 5628 
7324 1463 9117 249 2643 1526 196 4636 1716 4157 628 7654 3369 5504 2016 3197 8494 633 871 8100 1522 3916 4664 7495 762 317 7004 6124 1217 920 7080 8472 1607 315 7524 2115 2069 9816 9188 3733 5037 7727 3822 3799 6389 2477 2942 5033 1839 5662 2359 6922 4642 6956 9953 7239 213 175 3645 918 3102 9429 107 379 838 8772 2884 2024 9920 4124 1957 2296 3671 3470 785 2222 2664 6040 6087 3539 4977 3894 378 9744 6629 6980 9534 4191 4839 5617 4133 
1035 6477 6823 4049 1060 4538 4008 7567 7823 7833 6570 1216 518 7066 
8487 4655 216 6223 8252 2727 6270 3994 4280 4501 9224 3718 4422 2379 6182 8187 7557 
3667 3168 1747 7484 7499 1631 3257 9665 352 4139 6411 1835 2453 3200 1135 3873 1724 7843 7902 6758 7350 8952 1036 5819 
9149 4308 2948 2097 9376 9306 5435 7570 5840 8637 
3633 6070 8792 6781 6727 7514 3282 5877 5957 2717 
2574 2270 1729 4101 4913 2268 2577 1462 5559 81 4702 2151 2798 
2161 696 5852 6624 794 9997 6187 8023 9038 5781 1662 1131 4096 4789 8628 5681 
1418 5098 549 22 
892 6358 9058 955 6480 1183 9167 5667 6266 3204 4734 9457 1248 4163 9636 1626 670 1737 8793 7851 7238 9099 3842 629 8338 543 7503 120 
197 8304 2439 5839 3637 
7170 6515 2012 5479 3349 
2195 8585 9186 2072 5381 
5122 7856 2774 6427 9635 8529 9474 984 7648 5129 906 3427 4876 9075 3332 244 7388 711 1774 448 164 1117 1703 6268 6190 2848 4796 2050 878 3629 1288 4395 311 6941 8933 7079 5057 5275 7890 8229 5408 7905 1492 2238 4435 2654 8852 3295 2355 1273 9804 7609 627 8935 3631 5168 7308 2759 500 7450 6866 5462 2426 619 3346 2329 4632 3568 7029 678 8955 8407 259 4688 5173 8853 5574 7724 1963 1100 1895 9154 5548 273 6428 6776 8520 6403 1910 4873 4866 271 4063 9627 5636 6393 5526 3924 2549 2427 6828 4803 2933 973 1061 5836 6868 4570 1502 8675 5116 9570 4835 2955 1129 3307 5654 6535 6211 3025 8003 9195 9067 9080 417 6914 9460 4697 7216 9751 4634 1434 7650 5612 2691 7396 3310 6320 1712 2436 9532 3474 7781 3508 3041 5234 4284 3678 3304 1392 6807 2606 7045 5780 1555 5335 8172 8422 2398 804 4672 4887 9182 6113 775 2032 4557 9777 7829 7691 2719 9515 1468 6488 9965 7148 5384 9784 9612 3057 
3742 2820 1994 5494 3500 6064 2123 1238 3452 187 3484 
1696 6924 4374 7 
1688 7585 862 1728 3543 4573 8781 7456 7102 4023 6774 
4192 879 9161 5541 4027 7522 9443 6041 8871 77 7688 5874 4579 3758 6098 8333 3659 2803 9140 9563 7362 337 4521 9527 1185 1058 2367 3697 1385 6875 8166 438 3365 104 9468 2778 7483 2686 4410 354 1784 1320 1277 6561 8438 4216 4431 1317 9082 1567 6222 3291 1705 6870 7938 6959 7114 496 8364 6703 659 3597 2501 6943 7589 2419 2140 6022 6396 8135 5705 2056 7946 1816 7778 4870 8398 3271 5850 3930 2184 4441 4533 8257 3993 5020 1329 327 7301 907 2970 9782 7219 4877 8547 9237 8308 1156 
6341 1163 4178 9674 
1650 6437 9129 365 4518 
8969 4330 2573 9132 935 3342 1252 7716 4239 4823 144 3456 1987 
2731 2567 9864 2073 3460 1976 4724 9705 4906 7096 6257 8578 
7325 9295 9357 2998 135 7963 5456 2679 9687 7785 5861 848 8199 7040 3334 4382 6942 4105 7741 2189 234 8843 8021 6319 811 4503 8906 7767 4996 1541 8557 9914 8739 1787 5783 5933 6221 7930 6588 3521 6633 7540 4238 1087 2357 
8891 1573 9472 4247 4170 6024 9742 8418 1521 5485 
184 1946 3784 657 8069 
6150 6100 6739 3231 1295 
7548 6888 8593 3855 
6678 8319 5439 3630 
6394 4610 6028 2895 1849 6376 6318 7334 5096 3337 6123 6180 930 4645 7354 9948 291 2217 9380 2321 8440 4415 3162 8217 4214 8760 2118 105 5279 1444 7196 1066 2656 7518 
3210 4875 3270 9133 5018 9122 3760 355 8940 9461 3973 5398 2036 1351 5889 1900 6921 9327 1583 9211 1015 1922 7282 9788 1051 9998 2592 5488 4924 786 1255 2962 231 2704 3828 2114 6742 3949 7361 5866 6738 4106 1939 3680 8071 1652 708 7210 9027 2040 8814 2325 1382 9031 6618 5718 7897 2522 6890 5119 3244 1556 9830 3769 6443 8873 1623 2035 6594 115 6824 4515 4951 8365 8137 8325 9821 1363 5892 8034 9329 6218 4120 2876 7507 7174 6847 8513 2535 6155 989 6106 9207 3915 5719 3928 8508 219 8840 1322 2474 3507 4900 7731 1042 3429 3786 1582 1614 5332 6451 9699 
6424 8306 2725 6768 4220 
7878 2733 1904 2919 1381 9629 2738 6975 8274 6354 1432 5280 875 8353 6344 7452 2832 6979 643 
4348 226 7550 3385 3903 3796 4407 8836 1916 7255 538 1148 8208 3415 789 6948 890 7880 
145 6329 2490 5009 2710 
5189 9418 591 1428 
4997 1408 5586 4509 4273 4548 5803 9792 8842 5614 5377 6464 727 
