33 47 26 
22 
48 44 45 
50 
27 
28 28 49 27 24 21 42 47 20 28 52 47 20 24 38 
57 31 54 
50 
54 30 43 
46 
36 40 51 24 37 59 36 42 49 42 33 41 57 42 36 
25 
53 
22 54 26 46 39 24 42 
58 46 54 
51 37 40 53 26 
27 47 41 33 27 20 
24 35 
36 
37 42 40 
42 
42 58 31 52 21 52 21 30 26 20 44 54 48 48 49 
34 67 
34 48 52 53 30 51 
56 
27 
39 39 38 54 27 58 33 26 46 33 31 47 29 35 51 
25 53 
42 29 27 
21 40 45 
30 
69 41 53 
37 29 
33 59 29 39 34 
50 
27 24 
30 57 57 44 39 42 38 25 50 41 29 48 23 50 47 29 39 23 
49 
46 
38 41 34 38 28 
30 46 35 
42 22 
42 47 37 
46 33 44 40 57 41 51 21 32 44 35 28 36 52 35 
48 24 
56 28 49 51 59 45 
29 
39 
43 
36 
24 36 51 32 52 26 36 40 49 48 21 49 44 27 21 50 27 36 
34 59 
21 36 53 32 26 
28 
45 24 47 20 23 26 
50 35 46 
35 
55 32 33 
31 
46 56 20 63 45 
31 39 48 
27 36 32 
27 41 47 57 53 
26 31 31 48 54 40 35 
52 
57 
63 32 37 
30 55 35 58 20 27 
33 31 
37 40 
34 
32 51 
29 
27 25 37 
49 42 51 46 34 31 
30 
24 
46 
27 
47 
40 
55 
54 46 38 
32 
25 52 56 47 56 45 
48 
27 46 38 26 24 28 40 55 26 54 30 31 40 43 51 
54 48 47 
50 
37 33 
45 33 34 
33 
28 
54 52 27 
51 35 47 30 69 26 
46 42 29 31 50 34 26 50 34 36 53 37 56 26 49 
34 42 46 56 40 37 
57 
36 
26 
41 36 49 
41 
38 
34 
42 
52 29 
50 
40 42 
32 
36 37 
46 
56 
30 48 43 44 30 41 26 55 38 47 36 25 27 29 27 
31 34 41 
46 44 29 
39 30 
57 29 30 37 35 54 50 
26 
43 
37 
32 46 54 34 41 26 
52 
43 49 33 22 38 34 39 53 50 33 45 28 37 41 45 33 42 32 
42 31 32 41 37 31 
32 
34 30 65 31 33 
57 21 29 42 43 47 25 
47 
49 28 29 
46 
30 
28 25 25 
63 
54 24 36 31 40 57 
21 
53 27 42 32 22 49 
32 
43 
51 32 
48 34 35 38 67 58 
36 32 45 46 26 25 32 40 43 43 50 28 47 36 54 
28 
53 39 29 40 32 27 32 35 37 45 54 26 55 53 31 
33 
55 54 37 
43 
30 38 48 25 28 52 56 
30 
32 29 
37 50 68 
67 
28 28 25 64 56 23 29 50 29 49 
45 
28 
32 
29 
26 
42 
49 42 32 28 51 46 
45 28 
59 32 
21 
41 
39 24 41 34 29 46 51 51 54 22 45 57 48 23 26 
31 
34 
56 
44 
34 58 20 29 32 21 
22 
54 
42 45 43 
25 42 52 
39 
54 41 
55 27 37 
43 
61 41 61 52 28 
59 36 43 35 29 
58 
27 31 26 59 42 56 51 26 24 48 
37 41 53 37 48 30 51 
37 44 
33 31 36 
54 
34 
27 25 58 
20 
44 42 57 21 41 25 
22 28 48 22 23 47 
33 31 32 50 24 28 35 43 54 55 38 36 54 53 64 
39 41 51 40 43 53 
33 43 28 
52 
39 
44 
50 
46 
38 41 
42 
29 25 32 
27 25 38 
43 
36 
53 40 55 39 37 51 
37 
40 
47 
53 51 
58 
55 
28 52 46 34 29 40 31 
41 44 37 23 62 
26 
53 48 38 26 48 25 44 37 49 45 
24 39 46 
56 44 25 25 45 
35 
27 
45 
41 32 
45 
27 60 56 55 66 56 62 32 57 50 
30 
41 30 21 
36 53 28 55 31 54 
45 49 35 
49 
41 20 
42 
41 
28 25 
23 31 54 28 24 33 48 34 50 59 56 44 23 27 41 
25 32 36 
29 
52 21 39 26 42 54 50 52 28 26 
55 48 52 
52 
31 51 
45 59 50 24 49 
50 59 
33 41 37 29 33 32 
41 32 48 
25 26 
35 50 
39 31 48 54 48 61 53 27 57 35 
30 32 32 
31 
38 
51 
23 28 24 
31 69 24 
47 24 
44 
37 43 39 29 33 
42 35 34 59 29 
31 52 
54 
50 
21 21 
30 51 
29 
40 40 40 
32 
52 54 37 39 51 49 
20 
41 58 
26 36 
25 
47 43 42 
50 36 
54 44 39 
35 31 
59 
27 42 38 
20 
56 43 22 
35 
29 
35 40 29 51 65 41 
55 34 31 26 50 36 51 38 36 28 58 35 47 31 23 59 50 44 
52 22 
20 49 48 49 42 49 31 59 27 45 53 27 52 40 46 
26 
34 
48 43 25 31 56 46 
25 
46 55 
33 
25 31 
58 
38 
41 47 42 
46 
21 
45 
56 48 24 
27 40 52 
25 29 45 
24 
32 
50 61 25 61 48 44 
49 
40 39 59 38 48 
29 46 
47 47 41 37 40 28 
21 45 
36 57 24 30 37 
52 36 
45 64 41 
26 45 27 
49 46 41 32 26 49 
53 
32 
41 28 59 33 39 
38 
52 
58 48 54 28 58 41 51 
28 
50 
21 26 40 
53 40 51 49 49 44 23 53 54 52 23 36 28 47 52 
44 
34 
37 34 54 
33 
25 43 28 
27 
34 
52 42 44 29 54 39 
30 
34 34 53 50 37 28 47 41 35 44 
32 33 42 
22 
49 29 42 
32 38 31 66 54 30 
36 57 31 59 33 46 
33 
51 44 30 24 28 56 
50 53 
33 
61 
45 58 57 46 31 
52 31 
29 
50 43 44 
35 
30 57 
35 54 45 
54 30 47 37 34 30 34 
21 
43 
41 47 23 
47 
52 58 47 45 52 48 20 
28 
52 
26 
28 41 22 26 31 46 27 43 51 48 
21 
28 49 
53 54 32 
31 
36 25 58 
26 
31 
41 
35 
63 
53 30 51 
28 
24 46 42 
35 
28 23 
44 41 34 
41 
50 
26 
36 38 
40 51 47 
33 
31 
31 47 
48 53 32 32 31 
55 37 48 
45 22 47 
48 43 
58 
26 
39 30 53 
30 42 52 
49 40 42 26 28 
52 
47 54 53 
39 54 52 27 29 34 50 33 35 46 
36 
41 
42 
40 
28 47 
39 38 
29 44 39 
25 
42 
44 44 31 29 45 21 43 
46 
48 37 27 47 21 
20 37 35 44 29 51 
40 
26 27 49 
53 
47 37 54 
51 
31 
26 
54 28 36 44 44 38 56 41 21 50 29 52 40 22 35 
55 
35 48 33 40 37 36 
47 
28 39 43 
46 48 34 
59 35 
39 
45 
51 
49 22 44 39 27 50 
36 57 32 
27 46 53 30 42 
40 26 29 48 51 
52 
39 
54 25 57 
50 56 59 
37 
30 
39 
51 
45 
45 30 55 40 33 26 
47 
36 30 38 
33 
58 35 46 
51 42 25 53 33 22 51 
30 38 46 
48 36 
28 22 33 29 46 51 39 33 44 51 58 31 26 40 41 59 31 33 
37 
40 30 
58 
50 
54 
50 
22 
30 
44 44 29 59 45 27 
48 
58 
26 
41 
26 
45 
40 45 
35 45 65 
28 51 25 
31 
31 
40 31 
69 
63 
47 32 
43 
50 54 38 
26 40 
58 68 30 
49 35 41 45 50 54 37 27 37 49 41 42 32 44 36 52 20 34 
42 
49 41 62 49 41 
41 23 42 58 49 57 49 31 39 31 42 60 36 43 49 52 55 22 
32 
48 
66 42 51 
26 22 21 
25 
46 28 42 
34 46 22 
24 31 40 
