355133 190284 262499 127117 12081 157896 52272 383657 48207 150119 360591 
83568 
356074 156107 148094 205653 360210 320952 301239 203319 397552 81196 11235 
316273 
6884 
246063 90818 311693 287044 204040 278744 291608 217980 196599 382577 153949 50570 40615 185813 185500 74927 330672 361719 241298 8730 199378 133345 326032 174831 253456 266852 329702 55243 93557 121685 1421 180362 148022 258604 339427 117586 381837 270102 115375 105902 382548 154588 58359 
272019 136422 108494 164494 224757 86655 256466 387709 
70127 56257 113143 
8513 17304 138443 123853 69873 301803 224500 319365 
215501 
112843 57619 130276 56431 306484 259732 189973 180723 123482 116143 215303 140678 316814 200281 232375 36505 6453 183616 20808 222662 391196 305701 327494 74059 151618 260301 283378 397106 336612 44419 38060 243747 52462 75107 53233 46264 305968 334265 57327 213960 209163 240152 380685 
392317 5434 42885 
313828 
71300 355212 88178 302634 207419 355808 237978 368509 223603 260361 104296 269937 237974 277588 294687 83472 316607 172114 183202 181566 398838 211084 
348419 295692 96103 346022 176437 225087 159537 19214 
279353 297773 217595 36315 300099 156916 390662 41706 343220 174187 29187 353504 164538 
394076 45312 150107 288198 40949 338471 49914 70574 336359 261429 26132 346996 299854 225780 269733 36369 306747 
5750 396681 169756 120627 276105 24159 
216637 
119301 1484 162438 184098 162793 111002 350130 46283 
340632 
334119 268824 69185 151021 210393 102449 296221 86199 281440 318763 208671 35728 12390 291114 392701 13004 302785 227726 187875 306690 50448 189224 134536 272922 59354 74717 379090 293045 148888 95196 199077 262944 54468 399370 200409 266105 168076 2584 301695 96664 120576 335655 372533 
316114 29938 51131 103619 271772 375311 
251135 171511 325288 332783 135852 303391 21762 80968 167985 319309 321461 90930 268614 347127 79430 54124 253142 
174847 210822 8254 
15217 
278025 364998 373648 122234 15042 89070 145517 172527 56206 366611 295580 44375 249444 280419 178311 20054 325975 151192 180985 361765 237299 249562 208730 31472 119229 364090 338649 95869 68696 250274 10810 124504 298391 22906 149410 161146 366331 317462 384678 288059 136032 116385 289940 
274099 130313 336172 35468 47534 160371 
174839 296110 157082 158031 204670 225915 294180 52495 154441 232466 218722 
366118 18628 12602 249055 200085 92306 232276 374465 
4401 151167 322513 
360960 307432 353420 145386 247269 178667 50031 141210 
389113 79343 86112 241307 245393 155904 
367986 133531 201009 90561 20385 357699 23657 164582 7345 199415 8072 284201 329159 
261313 
278370 30748 78619 59079 131965 243318 
392278 190929 234618 265016 120624 32451 258160 318137 395342 148238 346366 147933 121379 343078 75530 393736 197712 133364 125557 364639 47408 364052 29434 155197 274191 315080 296350 11893 64200 84159 218678 199657 67681 152073 374271 351738 230007 121162 276223 240502 100512 336374 200455 71127 313790 323712 35009 89024 17432 138003 116694 238218 311679 256679 177066 387987 
19738 
289566 
353699 161373 131651 58879 234964 216793 380591 73377 241344 396665 261311 161817 174789 
177179 297251 89663 132984 178268 141958 42307 371425 
73593 306264 355165 382770 380969 250507 
225882 166410 256454 212816 159345 249520 206188 214250 323669 290666 116474 
351787 210952 335886 244918 296273 126065 361430 291577 308804 199870 251300 205306 311618 79907 385320 64028 211013 383512 71473 42157 211158 380878 91084 87553 116158 170731 106193 389040 302125 109935 145094 44902 191506 182067 286152 258251 111917 389840 320621 22812 361736 143331 247284 
352507 214042 275845 238162 285863 125984 
284556 258999 243676 36557 350786 262367 385382 9267 296229 72261 201064 9866 143235 94979 64844 150711 186545 
129933 336214 
388963 
252907 230436 2422 
217091 
346024 18636 97442 3030 273169 359840 288525 112157 93910 21320 154491 326376 330169 109604 320445 30273 267343 176040 261603 330843 196923 168558 184362 186310 197025 34223 65599 230756 229426 30927 180894 150544 183120 24064 97294 87928 240786 198141 224386 5741 110681 327315 233150 9011 284410 248128 113296 222083 348534 136137 303321 258512 301771 356339 159334 290264 
333998 12766 22692 304336 1989 262055 
204809 112820 26193 242980 125470 13908 207887 361189 276769 26913 14516 144067 261655 
185910 283501 60004 
354066 315362 358968 323569 80435 200062 211276 96312 226520 356355 320258 26843 340480 331930 162372 394676 347748 
255264 293520 46345 297649 291712 355971 90385 294080 122133 323769 338380 
350529 289848 262312 
339117 169743 108522 363471 339684 254594 119992 384593 92096 69367 363403 
9361 
269985 108472 334082 351218 36120 103224 286242 326073 384282 226324 188569 45404 203504 
127456 245836 309610 259047 232277 160191 100315 195930 
385115 14728 394432 10769 217893 288352 173681 15394 
176799 914 392178 209863 264416 56665 180260 186255 248013 168585 236531 126080 186146 
167756 235279 353075 52262 59212 82933 354307 109508 7595 253860 66944 182883 257373 232734 101705 211160 320896 32626 78544 35808 294716 382949 
277386 
312982 142094 144306 
352486 153128 131012 175069 374283 43504 77476 46211 
323773 27089 150681 1088 67991 395596 90954 160604 99440 155678 223630 262488 277978 280786 255207 11717 154643 
252879 270448 184455 387521 309528 215626 
288998 262712 190735 356263 376057 71153 
80448 75766 30702 
283582 244526 82423 341775 302464 337902 
335924 
232948 123610 197044 50641 138531 96347 28600 387193 198222 40512 283627 
305020 367548 210094 179438 78087 286138 54281 94965 7863 110098 216109 396606 132720 222841 131421 70767 97967 
208724 312373 249524 
336793 
321229 
309174 
319515 
247088 328206 43951 
113335 
190074 74893 191723 89307 244195 320407 343283 201721 79270 96961 68927 
182658 
179033 291115 213123 250030 298301 123269 133759 124606 227355 210639 288489 369773 373452 313159 231518 97315 134925 
94212 
277217 298052 305794 264845 325743 95466 98921 277468 228302 33915 49350 51290 299401 260061 221843 353149 344113 49737 139913 76824 295684 138057 352457 281971 399741 371264 162576 128374 175405 173918 372736 323719 302109 361861 197420 177337 196306 136301 266722 208419 98306 375304 349516 
266951 163211 394332 217394 373475 219766 241535 91058 
310200 165106 366011 
254841 321211 279523 297763 277555 180446 
97135 176219 211211 279664 244230 366580 328054 66239 34282 98157 387041 
307480 
292892 119445 311637 
257063 144109 126526 371126 138236 163453 188468 170940 297827 218920 188310 
296082 130711 309227 394981 86266 144853 155327 70584 342764 123857 354613 154271 381032 391555 355003 386845 284007 
116879 140214 224370 130932 26077 188271 269871 155663 397681 122905 234252 302889 69432 136022 243790 367947 231151 3025 317295 177877 179072 47648 198883 164577 200759 88891 44727 86835 308013 327472 24388 341704 253634 105737 381584 272078 194333 76422 16958 294477 24202 55875 42891 
391968 270780 156423 304247 104765 285452 133423 271594 383006 212969 245678 237139 388884 384149 74586 388715 328339 
392177 
302086 
73858 
228677 292856 240322 350149 137481 74568 373565 244939 
238302 
32564 313282 313008 
316630 
141285 
174611 39525 68180 61135 21835 197195 
330606 
69470 104496 286304 162554 126112 317421 
305547 313818 146398 
29110 1965 257626 205155 103323 388076 
216797 
1857 
64442 4829 144240 339221 86757 273640 2371 88545 73487 68501 134490 374767 281768 20866 197921 14450 333366 155845 158557 230729 298749 174007 137998 390048 195331 5062 128843 303173 321297 117088 279754 311522 20140 94390 117881 317835 28503 50041 337718 5097 360568 266011 15137 
232787 1153 96416 380347 21752 279250 63053 87165 
185747 92166 46273 368514 63916 283356 172842 241527 106404 239709 215777 
191120 160272 266625 335338 338042 155842 
107397 105597 196486 240102 46449 127411 81200 252486 20428 304252 168647 332788 41697 294702 247192 318026 128423 222014 331595 257583 69358 336993 
159689 
150131 
71335 
179890 303334 397472 169789 397933 171608 396146 147406 355174 7294 145374 102404 290853 6516 137835 218443 102064 
44508 
250576 371184 107816 23235 316559 131341 252968 352918 241331 243885 191638 8004 330764 135247 317463 322067 252019 353350 18423 130383 145357 81223 354164 95668 165687 92703 56509 213698 143369 189259 222423 171415 255784 241380 120225 192314 149420 172635 245368 127100 38360 134631 95559 113302 6613 386076 106904 2098 59598 216155 61907 87212 213524 286805 366344 75823 
163203 197331 350353 185963 105165 233872 143304 92076 323471 362983 256515 82919 114885 309067 85526 164712 30505 
15123 221113 220707 
382851 80061 153360 117569 32906 26283 224174 255245 302175 313613 222981 63300 310583 
161764 369990 221709 392991 151974 160616 20478 180043 25470 316296 323762 291820 175347 22930 151128 179572 335848 240248 122908 241748 117247 325744 
399513 
253022 84885 243945 295302 35178 4507 312816 228655 
98724 
69279 
246994 309309 120025 14045 12604 228859 19249 19750 
399427 
131735 230285 345070 290540 374674 178912 388233 331189 118191 144381 22616 138769 290336 299948 207201 309480 75009 
277482 
115939 364669 96594 235969 393378 6105 181425 195298 55074 395569 124156 322547 69644 318473 113272 288317 296281 
124293 257909 375336 
207236 45413 294788 
145025 18167 185498 137423 145194 28300 
97997 335188 138219 113054 97806 208270 273617 379736 92118 164244 48978 58277 323759 356139 181821 17512 68051 
28106 390214 324957 330975 270785 95517 153882 371411 319411 385851 18795 145698 179991 225488 52520 218340 287130 260712 57742 96982 241105 8097 269018 341595 360892 83617 118938 277458 34198 384033 233343 136886 72174 275044 141881 348466 97615 250226 182260 309846 53938 45806 206262 
308901 
296517 125046 135191 6668 213148 87 299581 324206 113631 120359 318442 19425 16567 134519 265087 178024 78970 113771 309717 11535 312650 175492 267710 269993 335896 81187 326218 136374 288831 116892 202166 151943 6524 183807 18899 159577 166541 29244 129821 169482 102781 158674 294166 
39310 
333662 243182 166082 207219 321164 131654 94773 200472 338523 330228 207602 
145867 
38621 156940 22792 317999 380575 249702 271209 281870 372772 76446 200428 205750 184778 354858 303514 17721 201647 49202 369111 318121 258687 398453 
84928 
31408 300994 388436 342459 134504 283970 
179 272565 232614 96481 264908 9279 56648 382387 
66439 
310205 304503 152837 24423 207709 173570 93077 9925 262258 310255 53238 203743 207434 322684 49623 164765 82494 3498 79049 56382 3079 7423 271490 297129 384850 14637 37423 9682 28984 50885 297752 
237240 
187182 
198569 
294359 
345137 
234519 193010 238685 
110849 209093 103740 268629 41209 209229 149754 229359 226589 307508 102092 186950 307283 145038 372755 46653 142178 
192960 374791 111310 142210 178053 213551 
127123 190593 322211 206569 10342 46391 
17827 78903 16215 
383160 
12074 381940 144444 345766 330113 210068 381097 124673 188692 295432 66733 310883 356229 116920 176318 84272 180981 380342 240170 262893 165102 219778 335546 169073 47982 342755 376673 188649 390642 39668 271086 271957 369779 283953 183062 104724 210303 9126 374541 259440 201901 90031 296952 
354488 
359616 
148968 
175591 
331131 379293 381752 339822 106696 242537 183360 71110 194335 154963 313522 16486 11457 1892 358111 262578 351353 
91226 24624 179911 
124017 
267334 242306 275831 24149 209674 228420 386350 44241 256592 261732 188269 
331828 39260 85052 206180 250375 176644 94063 73617 221406 274155 125717 
390540 225264 195065 
275433 281819 45298 196666 177094 353152 
101034 206316 37471 293334 334257 295548 353930 116199 55601 388914 256681 
296622 
260445 274644 312305 362241 171354 81315 174786 356569 216167 180009 6674 115173 301382 
1486 190416 337210 360209 374731 330654 177480 339896 256346 324212 80154 269261 6736 
260614 
136965 194178 102009 181652 105093 236595 24443 350017 23601 358607 395237 275377 332273 262449 385528 381961 387180 258548 356992 376420 396522 343830 395234 89355 212036 116203 63266 28137 159109 119857 269450 
301493 263778 274888 257971 377709 146878 78131 242151 264545 76391 208737 309076 21341 315027 280336 88314 387347 57339 113235 289431 366793 150016 
151893 281488 115320 41105 53439 83726 
70974 282238 221675 94627 234703 157702 252200 243947 10713 319830 252223 
157858 157852 35730 
161682 
250700 262291 320546 394781 222150 265870 239615 71381 
254598 
399611 121957 43214 366548 139854 367375 302400 192409 379724 57246 340003 216880 367906 93305 304172 146566 293425 
253379 122521 312427 102690 54169 227585 303486 263761 75602 117603 264652 78718 268147 317592 111653 130772 19673 
209368 325531 67277 228231 311118 95000 215827 91649 366215 163968 108820 199839 167275 61857 197881 284386 285730 237849 171142 74120 35776 266081 241907 105702 32466 42288 140043 110493 113832 271435 177404 372392 247560 199888 344566 47087 12382 299423 372835 341153 385418 314030 341958 
139668 252386 384697 27592 399455 349948 246177 308293 181783 5146 23050 95942 38489 138573 341500 294917 98743 
228304 335889 340117 89440 231210 281020 321023 122256 242319 201802 17327 
255410 
94648 
182156 
314369 319011 300790 
176466 235952 16472 
227408 336627 358412 386477 129801 379783 
52006 
330338 75429 8193 386804 234061 276439 146212 35770 
299992 219299 45675 181881 316657 390646 219404 214958 183931 372528 223987 
241177 
82665 177492 166681 
44473 116770 385099 236465 297066 94302 393709 238635 89881 267196 28549 190558 198200 271280 266204 198741 254404 
397417 121213 368180 
139873 
256843 19681 317829 
15693 145485 179112 342665 91825 390410 
77544 
132705 
77946 237323 247126 103407 10093 200810 28534 333834 40433 165480 33854 158467 370217 208059 4574 24682 147881 307527 319668 133966 225111 250238 
383996 250710 246781 124972 243666 175306 85187 187841 104124 218488 119696 293028 30539 
253443 76586 150048 
383711 50845 28431 363676 54847 217891 171324 160212 144469 262664 124355 194443 21812 158002 327382 225150 34413 264354 81086 223026 218820 111677 104520 38086 82514 77913 92392 307356 336304 149196 127531 
35750 201466 129155 150003 367964 328371 280249 68261 322956 399361 325264 
373873 290657 308329 355068 203686 394303 276424 268842 265578 6414 240809 184886 382382 
182769 141779 50995 
64042 
293422 32714 164786 
276270 1387 23857 165531 78047 183917 
292209 
320661 224049 384652 349747 319012 152070 150464 77056 190253 248308 346423 292927 141398 25493 305152 227077 157745 82568 164852 273715 109739 262464 198978 132716 359049 231166 120918 142595 274170 382059 267136 
180560 
136209 32300 155419 391198 70527 292136 289050 179408 20179 285556 22406 
337109 177146 215245 397863 228934 119604 265640 197379 744 31709 333014 366251 172530 208718 302446 46213 111446 
108014 276913 349655 44650 27826 46850 362013 52626 153329 94688 165372 
195992 
386206 135883 377880 6419 68899 20352 
93948 67272 96251 
246614 
19453 249227 290464 264985 371946 279655 
263711 159893 40314 72747 210534 238937 42807 187049 137118 393134 338014 220268 87109 258242 252563 37714 241112 121047 72346 261616 62766 218409 280440 399160 224330 126503 320818 134265 80387 315239 189153 24394 314766 374365 80363 335788 31601 396461 272714 353226 122921 51586 73830 
190230 16821 322512 113081 91882 312464 114627 183327 178082 111545 282199 
21384 
391132 344237 151590 120373 69613 204468 392104 282951 176472 74561 213393 170169 337083 368764 138549 53587 111821 213358 251144 47015 231235 315301 49273 197186 50133 120310 220807 205837 356465 95490 226767 
376189 338609 254740 306407 1147 288672 116549 159396 126601 287269 118842 
168795 
266705 166244 82558 57877 89318 264688 
322587 346353 51457 208950 56425 386915 113124 280152 354564 116837 107671 167236 349475 
7370 190395 320415 20525 72032 135424 
122488 59906 344201 218247 157680 219782 304896 224954 332646 33896 152095 50985 256162 287015 232692 198718 288219 
171199 226798 102426 120222 369463 382943 180149 262305 
273399 177684 47078 379924 288725 2439 
300275 177083 174823 26115 184636 273157 
20317 50883 382386 129549 165464 15295 261284 215250 257011 289546 246592 284937 315852 308582 140625 188472 217471 148083 321653 238365 376720 396728 51735 262913 287189 322241 187777 280970 395902 374983 383830 
253372 287987 140107 258028 356550 48466 92770 20760 336846 260267 14267 
147223 141892 9055 
351020 
139948 
249825 347247 43461 274002 158802 124177 358875 151130 335522 280610 322064 
219178 359009 101171 212863 139180 300561 62259 34372 
375236 329174 227485 27611 39321 289345 
84306 
163644 134529 289795 244771 12078 360607 218855 32534 164535 349411 260745 151559 273077 
12417 108384 190723 299376 327895 282150 62108 306537 292149 204133 109313 118569 118713 
294935 70253 12534 304188 64535 164502 
130538 
320506 293298 387998 
83093 58089 113238 272731 393312 310717 
3920 383923 17530 23875 309020 197417 
117309 
383246 87412 155942 181183 185078 258497 242816 10608 354887 131369 8031 
36989 
358528 118919 226897 398172 173497 290690 204075 154681 223379 163167 371471 367222 395852 25536 389581 135507 131893 
398636 
393893 277403 174353 88536 113757 250436 
54042 67959 188313 252951 346908 352609 
175546 68182 305220 
159504 163897 179460 337279 359128 366412 203256 279461 
189578 210070 215972 77932 62786 288730 
183206 208426 349573 193344 80404 326880 21100 62129 156831 208437 235703 
285687 9905 4838 188055 34232 291157 
256878 268148 142 
268523 179763 328797 330564 378956 300968 259883 183815 
226672 
256448 250734 282776 78695 134134 215094 224377 166885 11087 242702 386166 
243022 
325655 
207054 179239 140198 332604 80828 138254 4202 252133 148447 75122 285794 398839 3293 382543 278814 164037 258576 
119313 119214 105948 109890 180244 140456 218563 302838 118920 355604 186989 353195 254527 80114 348963 349864 277953 115041 282846 251392 346851 344265 393654 271370 393703 229193 171630 194708 345947 351329 32240 67585 319141 81031 398871 387617 62160 31879 188429 231314 306027 209820 278166 259611 139364 205602 84321 298555 163334 73606 284541 331087 188021 396550 192240 80488 
339923 284197 137217 21522 118110 48228 
58145 203111 36629 295353 251485 94366 255849 395068 269520 364438 319441 132759 10513 87639 148922 164300 271114 144112 4397 267722 106063 58099 188469 379762 121770 245565 243793 362151 112778 281017 347115 139729 190127 22646 186209 381354 24855 133393 158209 293518 60483 359410 51233 
270818 
245741 
11634 175303 263435 111740 154628 377243 195450 241989 180700 241125 298544 121095 294427 262150 260346 254693 338400 
118639 91724 303133 
85813 12365 372039 132998 197994 72873 
169621 
224533 323140 360733 4360 196335 166710 
156880 
80318 399879 313476 
371914 239957 79389 18669 215949 226694 170262 299393 341538 308548 364519 
328225 336641 351937 
319656 
253934 
243406 87364 182119 187578 56782 218179 234883 27011 
14238 336658 272970 84344 118912 307574 213855 285821 
86811 55703 87792 234023 204277 161254 351701 5333 
287421 
146384 
88075 196693 383471 100548 246792 82598 247593 218525 162284 212245 226125 206071 97264 198536 140478 253929 9725 
356157 
90478 247177 251277 182622 272881 345828 161703 169655 254789 125393 251348 345662 160307 
192095 272867 107923 350221 13049 313617 
297151 80862 320889 256404 170442 24349 203696 175685 52275 344123 6633 96924 212687 268378 309898 121959 320770 
389072 165193 324473 385702 386778 95337 
293442 301917 172747 271305 140358 258970 173178 257752 23354 189561 145654 316709 240440 
307065 163120 44913 240596 367615 210423 
146363 192823 284732 211427 95993 163654 144402 271058 
343083 18063 336785 300183 32862 3260 37346 103771 
386090 217169 223185 200286 322416 133133 307093 352573 286058 33673 94207 127408 156270 132438 94146 334097 261460 
261193 
112597 
21746 379243 257328 57588 105040 162966 194975 73031 86417 115539 344592 251073 183491 
209237 171360 130325 
278227 30848 284672 
9250 238242 133502 237786 119983 350918 175952 370975 81994 105151 36330 274297 12395 225233 225538 213599 39705 362916 278243 382264 367272 163418 
311649 75916 87859 
278908 
153741 217293 693 273771 13608 202264 274578 7851 
146269 184460 2159 338561 394130 251091 378005 90719 14567 11289 302943 191164 315623 318831 254624 324030 358536 67506 355502 283700 44782 74302 29377 320472 208032 202209 303678 145740 328261 171557 365802 104740 369128 71405 345101 174182 154470 354030 158694 394260 228345 254565 48635 
291802 350401 116008 
119177 
106364 96111 190479 390775 93129 128782 325953 365825 
202388 
147565 193245 219446 199003 206456 171226 134813 49344 
89339 198217 181239 
50280 
303323 388944 4067 90243 188294 28704 33100 193784 2659 224837 24222 163999 176165 238127 147456 288850 273053 
128386 60623 94939 
364190 247679 184663 228755 232479 352555 202771 347235 219409 41376 254969 333446 334335 167179 266790 293588 5175 273585 152524 384556 123023 237478 108775 64545 9234 58777 301282 17605 114955 129329 53041 
280616 142194 2365 89804 259087 228048 7084 143799 318526 384601 150276 
80889 
390148 180938 231956 167684 311723 273838 114652 289337 
398428 141899 37679 142272 82104 232068 141282 145167 306453 153699 329062 263159 247060 71485 47787 352471 374931 
19432 61036 359969 336145 56372 262786 285288 114816 141857 176986 84767 188218 33359 305376 220371 212639 264487 
83660 
399964 87087 266467 278456 295491 92848 19905 33706 158180 48560 58688 119236 219947 80005 180316 77511 180001 
397756 5916 387677 218683 70751 242939 
284011 
244482 33206 67388 
342055 119543 369246 63726 135862 10914 294526 355945 93303 35723 167997 170332 85094 
177126 337453 38497 188705 187407 215356 
147960 5822 251665 
79441 44167 361459 19840 130258 41760 386183 339338 
175923 
86564 19944 259540 130434 279291 349332 
189314 239450 173524 198207 46071 83390 291686 123833 
111651 152671 73578 140920 212473 116856 361548 313779 287012 93044 388207 199280 320835 341352 236111 285119 1140 314111 120014 329168 309585 263519 
61397 
227729 178432 61075 
186435 104732 239954 123488 318130 250011 115253 376457 394612 95965 86435 
23172 
196884 83893 270904 100501 99648 286325 164278 275519 54396 317106 88251 83980 357927 136590 26576 239460 209524 232493 327162 220621 373925 145669 
337501 
376766 48489 106221 
167219 
342859 264336 341932 327289 123991 36721 311224 356239 50433 177769 93636 233844 398131 296588 89104 291290 134612 319758 75910 149305 184757 345147 64295 266710 357487 328168 378951 326632 382803 67661 314203 
45264 
389829 372483 41733 252179 290584 207921 
109132 183109 45771 184052 258291 235764 234988 191879 143634 394756 174112 
264663 
287697 284299 104192 308715 16145 149201 190466 20759 282127 251645 32996 
365598 
344983 
343393 
207973 
154922 
254840 164343 348143 37646 392313 351655 18718 132096 
248901 198827 86191 
187044 328742 54601 231017 339047 126321 394337 102350 100525 51164 94685 
120191 
148268 343431 176331 394720 163945 223518 
189003 224764 42062 263996 341201 185920 167600 343500 
274777 11851 126203 
320965 
9849 
80500 127326 129660 171873 381789 169384 
294996 199755 170934 356596 366293 105705 384551 199171 
121892 100916 239580 
228176 
190053 390969 54645 162525 114358 70490 
306710 90802 250400 139834 3035 350824 221691 180160 31223 238983 119805 77770 307604 
149140 92058 290933 15331 12913 50708 223490 132113 
85603 318429 363052 97642 25253 120558 144946 335026 91008 72205 232560 
109970 22823 96940 222765 363869 127088 
144838 
213825 
334872 362703 48004 135399 23498 370033 40573 213724 79455 273441 19194 
10111 280114 87612 67778 122548 381676 251198 12825 
376649 379255 178296 359184 317604 170501 99355 190316 346646 46150 127832 314982 166691 
178187 
157990 144295 160715 234190 25293 210010 306195 327185 340151 308251 178331 
10143 228436 106462 95659 265206 302670 334653 64323 336421 228177 104553 39457 229888 153404 184591 103207 97801 20565 223757 20665 227862 396592 179311 228112 136282 358026 292659 58934 143702 310818 358160 
153976 167373 49830 
346953 329944 257802 
109384 
185551 229406 224455 
183239 342534 25737 96593 74232 369002 
10184 290746 390036 136293 190119 176868 
91299 315426 283859 96578 297541 349036 81190 36877 
74617 
192036 90640 280416 
79666 171017 177547 5671 94071 231346 393384 194780 153463 292862 178613 20400 145648 132140 363822 152122 335795 93147 306806 1209 144325 379759 
22005 
301822 23082 28384 302481 285571 334843 198594 93193 392791 14552 347982 245696 300943 
164664 389307 234604 107722 112828 266033 20979 126041 99577 198309 243581 63997 104162 69747 137737 46266 66892 
92781 
211062 85652 354443 390462 94225 322596 335217 336164 
24384 
361316 356989 222908 53948 288591 8298 331559 25348 
267373 
158914 185895 211408 
212124 201656 334995 
125162 59609 34386 12113 34515 393053 235580 188387 160826 292259 262551 314861 167470 55188 232202 221413 329893 260128 29094 300267 75152 155912 181980 368955 57640 280649 323331 250347 45981 5138 33007 98117 236995 325346 91092 116759 82918 378843 154945 106715 342892 18414 18760 
393485 
238821 61079 146422 225658 343474 321622 336854 265935 193314 265954 192738 220622 287795 380281 331618 268674 220953 
14117 
361119 338005 274631 240839 45979 25743 188964 363886 
247278 331517 127870 338324 169567 212422 33720 180344 365832 334723 147274 
21984 272886 179627 64722 67680 214133 
272099 300974 11214 
23548 133432 143824 
297205 
280802 46614 197615 200503 64732 398306 51876 280794 145945 391596 194442 217027 367102 112324 55119 63945 123627 
92273 47816 100577 183573 9086 358707 31268 348586 14357 240279 88765 
19771 302911 98214 387811 309153 106772 32587 8265 267074 87704 65586 73966 386924 
297575 44173 39148 94198 81279 336474 7841 97071 160918 62389 323592 176091 387592 
242234 221849 84097 
274555 92714 163666 
8020 305538 68718 291126 71183 237383 110095 285974 
296717 128023 120356 10872 85092 27425 230011 169871 23165 146939 247314 
187198 251107 393620 
290623 
30105 
84230 354449 394462 
231775 135430 9038 
112526 275046 120429 281233 243452 195445 137919 29600 167876 362323 27968 23363 55326 156265 35139 28303 356227 
87857 
121152 383987 396008 100300 347259 78133 106298 135259 
360351 143122 153527 
345361 271566 211979 151370 220331 157071 86918 229737 
53171 288320 24926 108413 290451 203736 124034 85608 172902 45726 375203 195950 152145 105558 203644 281069 355724 80683 65595 251096 391087 59881 
383040 135376 346260 164693 66646 132259 39734 227084 
107858 368683 21902 158435 197858 234406 
190232 352586 292750 184792 280236 236322 279270 266331 331940 47871 236438 394262 87884 264014 56813 317342 126208 109391 313362 391001 307864 343965 197051 356335 197909 205586 99768 43276 203919 119137 9283 359265 112807 139526 389298 177896 104478 55747 181261 211439 178569 185732 113368 68532 372828 274140 150101 155755 352660 255225 104392 350452 14335 380881 219666 150332 
98512 
39701 346852 331825 131401 183185 122353 
106835 175820 201635 
164757 
149579 168428 262255 
19625 
67171 336174 90035 
122818 
359182 397485 145958 99432 379369 318648 104110 728 188598 132129 371793 363559 293840 130920 379242 131322 158722 
160466 
398206 176315 86452 
124899 205318 92025 
224532 107944 136892 
340670 
207077 
249090 274804 190197 385229 348758 319590 
194539 365115 276434 354337 270946 108389 39629 242164 
53201 20178 182507 2778 282641 222799 361576 51417 
85732 
252621 93435 382170 
160380 388454 236185 237868 264128 218263 
68628 
185272 
214550 141463 58396 80966 140749 12877 
81834 
245131 333001 133035 337625 228878 289893 370730 200063 30589 83396 179836 
200775 49775 276132 159555 328391 115467 
243095 18100 384800 204362 359490 380694 238916 124074 121266 203350 79144 
173517 216767 256423 132459 382776 329326 4114 37496 105054 307227 239231 289919 281158 221495 29046 30960 391214 240394 32740 396969 230045 34061 316606 231245 296724 294711 325857 388211 78320 355686 13626 175466 323319 16341 145785 359160 239827 389112 251870 356190 53957 208717 200335 10641 71227 383837 200130 202531 223591 182406 76722 127759 23595 216070 310702 31696 
340769 
250317 209441 204631 307164 398087 267287 124641 242090 240033 85217 230646 382411 255919 
106363 144061 1923 291450 166827 319591 95793 50759 249874 83986 227366 394893 371485 124672 371997 40302 58096 199960 9180 95532 325553 334652 209921 209305 397084 186935 387613 124427 77373 387810 340385 135346 397099 6351 48061 319087 195469 221715 258471 105790 97278 35858 30542 47947 260886 360269 310469 131048 369882 284101 57453 396494 345973 175434 35229 279571 
216168 
378936 4327 27304 
8208 392362 22080 238825 169395 241152 159079 156738 
152193 10294 326076 343859 44214 398593 245462 182757 234432 74457 217331 
371511 187265 50065 
82992 224226 180188 82813 394430 351650 194176 336137 239801 291864 204345 
86395 392668 352021 23462 305995 206299 253487 181576 
62296 299726 121848 50520 71732 163951 328801 218633 
