31844 
34570 
34582 
24383 
39235 
18113 
17587 
7322 
10590 
18291 
13815 
38520 
31587 
1601 
12354 
3745 
7418 
18996 
9473 
28629 
36157 
29505 
21939 
17897 
38109 
15452 
29924 
39430 
27622 
16861 
32789 
1108 
28754 
11204 
7552 
29703 
35753 
26503 
24892 
30146 
7845 
12864 
23833 
23974 
6191 
34153 
19504 
3317 
18019 
38099 
945 
32970 
38818 
23927 
39352 
15820 
28744 
32962 
25837 
8674 
33561 
31150 
31427 
30422 
37108 
4760 
15778 
26904 
6100 
25472 
9286 
22473 
15882 
9208 
1109 
19398 
34100 
27009 
35960 
4266 
13690 
37955 
8629 
15874 
11641 
24477 
18308 
11814 
5768 
14673 
3377 
29125 
17559 
318 
17268 
12181 
39824 
35829 
15129 
14232 
22804 
19685 
39068 
4642 
31763 
39743 
12022 
22555 
5508 
6345 
37085 
30497 
29844 
33884 
33158 
33587 
21097 
5703 
36069 
16759 
76 
14993 
9275 
32007 
9483 
17776 
7525 
33349 
15431 
39805 
6164 
37799 
29181 
24712 
30366 
22204 
5584 
29802 
21837 
29510 
27600 
33565 
26600 
15071 
6470 
7109 
8803 
1823 
25072 
18013 
28065 
12059 
39853 
31308 
33121 
29362 
10185 
21652 
39478 
34931 
7246 
16897 
688 
39283 
35219 
24056 
15720 
14391 
27658 
502 
21104 
34324 
23522 
10370 
15467 
14732 
857 
13058 
10126 
31149 
36989 
6416 
1774 
179 
23296 
146 
10065 
27048 
21519 
25399 
8418 
19386 
18297 
24247 
25448 
38712 
38964 
35127 
22758 
30735 
38959 
21513 
7825 
34777 
8039 
5873 
20765 
1039 
14434 
30393 
7903 
8461 
13054 
18467 
1813 
39584 
31985 
3359 
20510 
37363 
36009 
16166 
8619 
24346 
39712 
18199 
39771 
11978 
31819 
23691 
3690 
24878 
1161 
4716 
19346 
10467 
28540 
31809 
23250 
37384 
6 
33128 
28006 
16620 
19773 
13581 
35069 
2482 
36029 
37981 
37408 
5943 
14249 
16987 
8560 
11027 
31953 
29372 
36518 
10963 
10808 
38601 
16472 
8421 
16172 
25786 
13461 
2677 
14206 
31669 
11843 
1466 
22395 
22652 
5302 
38472 
31670 
31131 
4908 
17119 
18365 
17056 
8965 
1188 
5733 
37559 
16070 
25461 
16636 
7152 
32888 
18200 
19966 
32949 
28398 
39964 
5051 
15495 
5447 
9972 
32523 
4066 
2382 
4417 
8126 
17386 
10654 
20750 
4477 
35021 
19969 
1509 
35901 
20615 
597 
1787 
27389 
14330 
9732 
3957 
32767 
33027 
13640 
29700 
4948 
1104 
22045 
9081 
1674 
15311 
37515 
32546 
14845 
14479 
21579 
36036 
28096 
13719 
19148 
26396 
34916 
23441 
23790 
26014 
9287 
18470 
39203 
21703 
36727 
39600 
465 
21275 
30706 
27260 
10440 
18728 
38948 
33383 
18818 
36621 
25429 
29592 
29245 
17780 
29324 
6749 
5078 
13768 
15425 
32461 
16513 
2952 
1843 
29010 
22071 
18776 
24007 
5970 
2200 
12140 
37045 
12964 
38867 
1276 
6767 
16711 
498 
7844 
39780 
36543 
7684 
37966 
19140 
10666 
3422 
30553 
16876 
32615 
37471 
35461 
36212 
39921 
39976 
34485 
2786 
4309 
34748 
31680 
24419 
12730 
37496 
25450 
11195 
24985 
6853 
24006 
12625 
18543 
31737 
33355 
2500 
1236 
7968 
28823 
35600 
20482 
37897 
22388 
2490 
10171 
3696 
37784 
1472 
6879 
22720 
24026 
34122 
28867 
17382 
4512 
37741 
6665 
14485 
27740 
6728 
14108 
16109 
16261 
18748 
29213 
16367 
18116 
248 
32233 
2833 
29981 
39122 
37877 
31167 
23620 
39327 
27504 
39667 
17041 
22539 
24830 
35302 
31519 
25434 
26376 
23504 
7958 
3737 
27011 
975 
23356 
17433 
36590 
23822 
7750 
32314 
39051 
24765 
8059 
34481 
21280 
22158 
16649 
11565 
11707 
4204 
1116 
20094 
9567 
27639 
13271 
37645 
24369 
27913 
37337 
12832 
6213 
18826 
37604 
4572 
23584 
33021 
21929 
34342 
34137 
32969 
38923 
4155 
8504 
9449 
5120 
12142 
27665 
10563 
19540 
15711 
26173 
11772 
3062 
21568 
19648 
9390 
13010 
24751 
25864 
2159 
2148 
21194 
7532 
33179 
21384 
16540 
4378 
10672 
30102 
28064 
11771 
4469 
31846 
5938 
22241 
9393 
13342 
32802 
24000 
14236 
4194 
30778 
19312 
22253 
13771 
33737 
28320 
30309 
39939 
24372 
13183 
20402 
13346 
19712 
31769 
9803 
10317 
2904 
37314 
23289 
5195 
21066 
28506 
10846 
17532 
34789 
4576 
23697 
