25 44 26 24 34 54 35 41 20 31 43 30 35 25 54 29 47 19 39 30 48 18 28 22 28 47 42 38 50 28 39 26 28 38 49 31 22 38 51 21 31 25 39 24 24 41 26 33 26 47 52 28 45 39 49 37 21 27 23 49 40 26 19 41 43 24 36 26 41 43 24 28 23 34 39 39 50 29 32 51 32 17 22 29 23 33 
17 54 30 31 
56 22 42 40 32 53 19 46 36 48 30 51 36 39 30 50 39 43 44 19 34 33 43 58 42 29 24 28 47 40 51 42 25 57 24 34 35 55 32 45 30 43 31 41 38 49 29 37 26 53 32 42 51 50 33 32 45 26 35 40 37 31 48 57 31 26 39 46 21 42 17 38 28 38 47 21 53 46 39 56 42 54 54 39 51 42 39 45 46 43 54 46 32 32 31 33 56 27 41 53 51 29 35 19 27 43 44 31 41 17 42 27 25 18 44 45 23 37 48 38 58 53 51 31 22 47 42 41 49 30 29 41 25 52 36 30 29 46 42 35 39 21 27 58 46 23 36 31 24 44 52 45 54 36 40 40 52 38 35 46 34 31 38 37 55 44 28 30 48 53 15 34 17 29 52 51 49 30 24 48 18 43 44 28 27 30 41 41 53 30 28 50 42 46 50 37 33 47 33 19 33 34 37 41 53 25 43 36 41 36 43 43 31 43 39 22 36 43 30 40 20 39 49 19 31 25 37 54 46 38 31 23 41 39 34 50 58 27 19 46 46 27 28 33 52 41 30 30 41 46 37 41 40 44 54 51 35 43 42 51 32 42 44 
46 44 40 40 40 
35 46 30 40 36 
56 26 26 39 40 27 36 49 39 46 47 35 46 45 25 50 36 37 30 31 49 35 30 43 33 32 26 19 48 24 43 58 52 49 37 18 49 51 19 19 35 
30 37 43 22 19 40 21 21 53 31 25 46 40 41 46 48 31 
27 17 34 44 26 47 33 27 29 52 39 48 24 29 40 26 19 38 28 48 33 21 39 49 39 43 55 28 19 53 48 50 28 37 25 40 47 27 19 38 39 28 27 
56 46 49 29 
53 37 40 40 
48 40 35 57 
65 42 20 63 43 49 28 25 40 41 18 41 52 58 39 27 32 44 28 30 64 38 47 62 68 
32 39 37 32 33 19 30 38 36 54 16 45 32 26 57 32 30 32 45 29 58 24 39 
45 57 50 40 35 
51 45 28 54 29 
35 39 35 47 32 19 20 53 31 36 36 
20 45 29 53 36 35 22 36 26 16 41 16 30 19 21 44 36 41 36 35 43 18 32 37 
29 23 39 30 35 
29 21 25 33 39 
31 39 22 31 
36 57 35 43 28 
56 47 35 53 43 53 48 37 28 44 39 42 49 
65 34 27 29 29 25 27 56 50 27 25 56 31 20 27 45 61 43 48 73 59 40 30 45 50 31 27 23 59 47 55 45 34 26 58 
27 56 44 31 
33 17 56 32 21 21 47 25 19 54 25 
57 16 35 29 54 48 47 47 24 38 54 59 22 35 43 28 48 51 43 26 32 25 53 18 31 34 37 41 38 33 38 50 34 36 48 52 30 47 45 30 26 31 22 40 51 57 52 44 47 33 53 56 55 43 45 23 39 24 36 42 39 34 51 29 42 42 45 45 
32 37 44 45 31 54 48 49 38 29 39 25 41 
57 30 46 29 45 56 43 26 45 26 34 56 33 48 
19 44 30 43 
19 51 47 17 41 
34 27 30 30 
59 31 43 32 52 36 51 32 54 43 52 47 
51 40 42 45 44 
41 57 31 33 24 
31 48 28 19 31 41 35 48 27 51 51 22 47 36 26 28 47 45 52 
20 19 42 35 29 25 53 49 31 29 42 23 22 45 56 23 18 21 24 27 30 43 33 35 34 22 54 28 19 
39 38 21 48 45 15 45 30 35 32 36 34 24 47 27 44 45 45 35 
51 41 45 27 
42 37 53 49 
30 40 40 26 30 
47 47 33 51 
35 28 19 52 23 19 36 30 33 38 20 51 
30 24 22 40 46 33 48 23 35 48 37 31 38 
45 19 45 38 47 42 45 40 39 39 51 35 31 
22 50 23 37 29 24 23 28 32 19 40 43 
26 43 39 28 26 
43 44 22 45 28 
53 30 42 29 30 38 31 40 34 43 25 21 29 36 44 46 31 42 43 48 21 42 33 19 44 38 21 39 43 30 22 37 52 22 39 47 32 46 48 45 28 42 57 38 39 24 43 
57 49 25 46 33 31 48 17 52 54 49 22 52 30 40 56 47 27 42 28 31 49 21 34 42 49 45 31 45 45 49 45 45 44 58 30 48 51 32 47 49 
30 27 31 17 26 38 49 39 39 32 37 51 26 27 38 32 44 37 34 40 37 52 37 33 49 33 56 29 31 33 29 44 29 30 23 62 26 37 33 47 26 39 37 30 26 52 27 46 30 52 25 39 33 
28 51 36 42 29 27 31 21 40 38 36 37 35 51 44 37 28 38 30 37 25 42 29 39 43 19 21 26 35 24 23 50 30 25 39 20 31 34 37 28 43 31 27 46 35 28 25 22 42 29 35 28 52 33 28 34 23 32 19 44 26 49 29 24 53 45 38 39 26 49 45 35 29 27 24 23 24 44 32 38 23 33 43 44 48 35 23 34 22 42 27 17 19 26 19 24 27 25 45 36 19 31 24 27 27 38 48 33 27 25 50 32 31 38 36 33 24 18 51 28 39 33 49 32 54 25 31 38 29 51 44 46 40 29 44 35 29 40 28 39 25 27 31 20 37 44 43 23 41 27 50 26 35 34 41 32 26 47 53 30 31 34 51 35 25 52 26 37 41 46 51 28 39 35 29 28 38 24 39 36 29 39 50 33 20 33 42 45 54 29 53 43 23 31 50 46 25 21 26 28 33 26 41 23 35 23 36 36 28 39 40 45 32 26 43 27 28 39 33 31 45 36 20 41 44 54 27 28 30 52 32 37 35 34 52 30 49 28 15 20 46 25 54 37 25 27 49 24 39 23 27 37 19 29 38 25 28 
20 37 21 20 48 
24 38 22 23 36 23 27 38 38 41 39 24 25 26 25 22 22 39 33 26 48 45 23 29 45 25 41 21 53 32 19 25 31 40 52 22 29 39 31 29 18 21 28 27 42 48 27 50 37 
44 16 43 17 49 32 50 30 19 35 42 42 52 
53 55 44 31 25 49 15 21 51 20 37 50 43 
54 35 59 36 41 18 44 37 16 46 
47 36 53 40 
25 43 31 31 28 40 38 31 48 27 16 37 59 27 30 20 19 31 36 25 25 40 42 45 35 28 28 26 21 19 47 50 29 21 35 30 28 32 43 39 33 29 
23 22 20 22 37 
19 59 24 41 40 49 22 48 35 18 19 26 28 31 32 21 44 46 
41 44 50 47 
46 46 33 18 24 
18 16 18 44 27 26 19 19 22 27 23 
45 48 33 43 47 44 46 32 47 34 
40 31 41 37 45 47 25 45 30 32 
31 36 30 32 45 31 33 29 41 41 36 30 22 19 25 31 48 36 
43 43 47 33 
56 25 21 32 30 22 39 18 18 32 31 42 23 43 35 23 45 44 28 53 42 32 42 38 52 37 38 25 38 46 49 31 40 53 54 39 42 46 43 48 52 45 37 31 25 49 37 50 38 38 45 35 35 42 46 30 50 46 30 19 55 39 50 22 31 50 30 37 33 36 41 29 30 50 39 41 27 26 54 38 34 23 45 53 43 15 37 43 28 42 42 51 50 45 19 20 49 32 47 30 39 49 20 47 64 30 49 31 26 40 46 51 29 31 30 42 31 44 43 34 51 31 31 45 54 55 31 32 31 26 37 41 48 28 27 39 28 53 40 41 40 45 26 53 44 43 29 35 33 45 38 37 48 43 34 42 36 24 32 
46 45 47 28 
31 32 47 24 39 29 36 46 47 48 49 25 18 44 46 44 44 43 33 52 21 28 34 46 44 
48 27 40 37 
31 32 33 27 50 
53 35 37 46 44 28 41 51 44 34 31 20 29 42 42 35 27 25 39 44 43 42 43 47 54 52 44 39 38 38 37 52 46 28 28 43 51 33 47 39 34 53 41 46 34 45 33 28 30 27 39 43 47 42 42 41 40 50 33 38 51 32 40 19 48 40 31 57 25 31 38 46 46 42 43 49 26 16 27 46 56 33 53 26 30 30 19 53 39 41 40 35 61 53 39 45 47 52 52 47 42 16 20 35 28 16 53 47 34 45 43 22 54 46 45 43 30 36 49 50 53 52 53 26 59 26 23 41 46 35 44 41 53 44 40 49 49 49 21 53 54 33 19 43 28 23 42 57 33 53 35 36 49 49 34 39 36 40 40 46 55 45 42 16 35 39 59 19 37 39 40 
48 54 38 54 39 24 45 28 34 31 52 26 36 29 35 44 
50 43 38 52 29 
21 26 49 40 31 46 53 46 19 30 54 27 39 22 
39 35 43 32 21 41 42 28 24 25 35 44 18 38 28 37 25 23 30 36 36 40 42 19 26 41 42 33 54 44 23 44 48 19 50 26 18 30 27 40 
49 32 50 20 39 
32 30 25 60 33 32 48 53 46 26 57 41 40 43 40 39 54 49 41 49 52 39 37 35 34 30 30 31 43 35 34 41 33 21 21 20 42 45 39 33 26 37 41 47 48 31 45 38 32 22 55 24 43 25 19 30 30 31 39 24 42 26 28 37 46 25 37 25 45 40 31 28 34 
55 37 32 42 27 39 52 34 37 28 25 48 45 35 42 47 27 41 28 42 46 45 50 34 57 35 29 34 37 25 56 39 48 19 42 35 27 46 49 54 49 54 45 22 32 41 
45 40 44 24 34 
29 22 39 35 24 41 47 29 46 40 36 40 52 55 32 41 47 27 29 25 36 42 41 49 29 25 26 34 26 32 39 
29 40 28 27 19 54 35 40 18 26 42 26 28 30 28 45 29 28 59 48 43 36 52 43 29 33 39 24 30 31 48 30 36 38 28 42 29 44 22 39 39 
31 52 21 23 38 
25 46 46 32 26 40 34 23 31 49 
34 27 47 30 29 45 43 39 39 45 26 41 58 36 33 21 32 25 31 44 30 35 45 39 29 26 38 27 45 
46 35 34 54 44 45 35 34 47 31 49 
55 29 29 47 
60 31 42 40 
28 37 18 42 22 34 33 38 36 39 24 41 25 53 35 24 44 47 30 25 54 41 31 40 21 
30 50 54 30 18 
47 43 52 43 36 34 19 28 38 33 29 16 28 33 48 38 37 28 47 43 34 30 54 51 47 39 26 39 33 18 44 45 16 45 27 50 
52 41 18 37 47 28 38 48 39 27 53 40 42 
26 35 25 35 40 43 38 39 39 31 22 20 25 53 43 23 25 29 30 41 27 45 49 48 29 43 18 42 19 43 32 46 39 42 38 43 30 19 18 
56 49 42 39 50 38 53 20 21 40 35 27 28 46 17 42 52 38 58 19 30 30 40 58 41 
39 30 50 28 41 36 45 35 38 24 39 19 41 40 24 56 20 33 47 36 49 40 42 
36 26 38 35 27 18 17 41 39 41 30 46 22 35 16 19 19 38 40 26 19 34 25 41 
44 39 51 43 
39 32 48 45 27 
50 50 31 23 
37 38 22 45 51 38 35 30 36 35 40 35 39 45 43 36 44 29 48 40 42 27 41 18 19 42 33 35 25 47 39 52 32 15 41 46 32 40 45 28 28 46 
37 33 36 52 43 45 42 50 41 37 32 
59 26 38 55 41 48 43 34 28 50 37 35 49 47 
52 26 49 51 39 
42 34 47 53 21 35 29 44 52 37 39 46 42 52 40 25 23 49 23 46 20 39 30 40 32 44 39 42 30 51 43 31 21 33 43 46 
59 54 43 38 29 38 44 51 35 51 22 30 45 32 36 27 43 27 46 50 33 31 32 29 23 48 37 27 32 55 45 47 42 25 41 40 31 58 28 
38 53 31 41 47 
64 51 45 37 
30 48 30 35 48 
56 20 45 45 28 50 46 27 33 42 
49 33 48 40 25 34 24 51 39 53 19 24 25 
29 21 34 29 
54 26 50 25 37 36 35 54 19 46 39 50 29 38 20 49 39 45 54 54 33 30 25 43 
23 29 26 51 
42 50 53 39 24 32 50 54 30 29 43 57 42 49 34 36 
23 26 43 19 23 
25 52 39 31 
54 46 52 24 
54 43 20 43 27 46 51 20 26 19 44 46 
29 40 25 29 41 29 36 40 53 28 27 31 42 29 27 36 28 44 27 17 21 28 37 33 25 
23 27 39 29 20 44 26 29 32 27 54 30 52 29 38 47 38 28 17 32 37 25 30 25 29 48 29 21 32 19 28 34 28 22 49 43 22 36 50 24 46 27 48 19 22 35 39 28 18 28 44 26 22 27 28 55 27 39 39 56 39 29 26 41 24 58 34 42 24 32 33 38 35 21 19 40 24 38 15 26 25 40 34 49 60 41 39 34 32 24 38 20 36 40 30 16 18 28 21 32 35 39 29 47 43 45 43 48 49 37 21 29 45 28 37 40 28 42 30 51 20 51 40 31 28 25 43 29 37 35 19 30 45 36 33 21 36 20 35 50 17 16 40 39 39 18 27 17 28 23 27 36 22 28 24 25 28 18 23 41 22 39 26 29 57 20 35 46 22 24 22 31 32 32 37 22 17 27 
27 39 34 37 52 31 29 29 27 40 15 49 29 30 44 37 25 35 22 29 29 39 34 26 45 43 28 40 33 55 36 37 26 42 47 29 50 28 53 42 33 45 27 47 45 48 34 41 23 30 41 21 51 51 48 18 41 43 27 35 24 34 39 46 38 40 30 33 28 26 41 30 46 19 43 29 43 20 36 40 25 26 44 32 42 30 48 30 39 27 32 34 47 38 38 26 20 26 52 19 22 54 43 17 32 29 22 21 28 43 28 31 49 27 20 28 46 21 45 30 45 41 26 41 51 54 25 32 48 31 44 20 25 35 44 31 24 26 31 42 30 51 31 26 45 31 32 28 53 20 22 38 48 41 45 26 29 27 29 42 39 27 45 27 38 19 25 51 26 27 30 29 39 34 38 39 31 31 33 29 34 46 27 38 46 30 35 33 37 17 22 39 39 30 20 35 
49 24 52 41 37 42 47 59 38 51 50 
44 23 20 25 17 35 37 40 25 31 41 35 43 42 27 38 47 44 46 48 36 19 48 
39 36 47 32 33 37 46 40 52 48 47 34 35 26 53 49 39 30 19 52 28 36 
22 57 44 40 19 23 36 18 24 46 43 30 
36 38 31 35 
29 31 42 52 
37 27 43 39 43 
56 30 53 44 34 29 43 47 51 33 37 46 27 50 39 36 44 35 49 39 44 35 23 37 30 48 39 29 39 52 18 22 23 43 48 43 48 34 22 27 53 22 31 42 26 53 48 19 24 41 21 
31 33 24 31 33 23 43 27 31 33 46 40 32 59 48 33 38 39 43 29 42 23 32 16 22 51 43 39 39 33 
32 35 39 30 21 44 24 36 50 34 52 30 48 49 23 29 29 26 25 60 25 41 37 
58 36 44 24 
33 43 37 35 43 31 30 37 38 38 21 23 46 43 22 39 24 33 43 38 49 33 31 21 39 49 41 39 35 
38 34 49 49 34 46 37 23 29 47 36 27 50 26 39 28 20 43 39 49 40 20 40 44 25 28 31 25 27 41 21 43 19 36 38 52 
34 40 38 21 49 46 35 21 36 24 39 32 
52 32 39 43 41 24 17 33 42 35 29 29 49 
28 48 35 22 50 35 32 24 38 32 31 34 60 51 45 28 48 43 26 22 18 44 46 36 51 28 34 18 50 30 32 48 26 22 24 26 45 32 40 25 26 24 35 53 25 26 26 48 37 41 42 17 50 23 17 43 19 48 54 33 51 42 17 42 28 37 27 35 
38 24 46 21 
51 31 50 50 30 
35 25 41 32 34 
21 35 31 22 21 
20 22 43 29 45 38 23 24 46 39 18 15 39 57 22 19 22 29 26 34 16 32 23 27 53 31 41 33 41 48 23 27 44 26 
52 48 28 50 38 36 40 36 32 39 48 29 54 44 28 30 29 52 26 35 51 34 26 31 39 34 45 45 49 27 19 48 50 33 22 45 49 36 39 36 53 41 34 48 50 45 32 46 38 37 32 45 39 30 38 24 63 53 46 42 
44 54 48 28 29 44 42 19 33 41 41 49 29 
32 34 44 64 41 43 36 25 19 40 46 33 36 47 32 49 21 38 27 23 35 42 51 49 26 26 30 38 21 29 28 48 27 37 
46 25 44 30 32 
39 35 19 48 26 23 53 44 34 40 38 32 26 19 37 48 48 
46 30 39 36 16 32 28 37 33 32 38 48 44 51 37 28 24 28 34 19 
29 39 23 50 
21 28 54 34 29 20 48 24 54 42 32 33 
23 22 36 41 34 59 31 38 28 42 
37 25 41 43 34 
33 23 48 22 51 23 23 37 29 48 35 26 18 37 
23 35 48 24 35 35 42 24 18 29 42 30 48 37 
43 27 49 43 23 25 31 28 49 52 47 46 33 45 19 52 44 18 
29 17 47 19 23 
28 21 19 31 
33 20 44 25 26 25 40 26 23 39 48 40 25 27 27 42 51 37 21 39 35 54 29 
42 39 39 59 32 23 48 43 32 48 32 41 27 43 28 26 42 42 48 42 40 44 30 37 31 30 
46 43 42 20 49 44 49 33 44 42 24 46 46 37 28 24 40 44 34 19 28 49 47 42 49 54 28 52 41 39 52 43 42 41 45 36 51 26 49 28 34 32 19 33 33 52 44 46 52 27 48 58 26 27 35 45 30 27 17 25 48 25 43 46 20 37 40 17 54 50 32 24 48 45 34 32 44 41 19 38 58 45 24 54 42 43 42 27 
43 39 54 36 32 39 40 35 43 50 34 33 46 39 28 38 32 
22 47 25 20 23 36 35 24 37 45 21 25 19 
39 37 40 24 21 42 41 19 23 19 37 
39 40 34 19 54 28 37 39 29 21 51 27 31 38 52 29 18 41 45 22 28 54 35 30 19 36 36 17 40 39 30 28 27 58 41 46 43 29 43 39 19 34 43 
44 24 48 39 37 37 22 41 45 46 38 29 52 53 18 35 42 22 43 51 41 24 49 31 47 27 36 53 34 37 28 32 47 20 35 42 35 37 31 41 44 44 20 33 51 31 35 35 45 35 20 30 22 40 45 25 40 50 29 39 52 47 22 59 46 50 30 
31 38 45 30 22 54 20 37 47 53 25 
54 36 37 49 41 50 35 49 27 46 29 41 25 49 29 21 46 36 45 33 31 37 43 41 28 51 32 59 54 25 36 37 44 35 44 52 49 42 26 32 27 43 23 49 45 53 27 32 26 27 29 39 45 35 36 23 27 43 44 37 51 30 49 25 19 35 38 54 52 46 44 24 27 44 48 53 42 29 34 44 19 45 36 45 47 37 35 40 53 15 48 52 50 35 31 42 30 32 43 49 35 46 59 48 25 32 26 20 52 25 43 29 19 18 27 49 35 51 28 41 19 35 46 29 42 41 53 44 21 29 51 32 53 19 40 43 19 51 51 28 39 37 37 42 35 29 25 29 52 36 47 55 26 27 21 44 53 49 55 46 46 39 40 37 28 43 50 35 41 50 26 16 37 39 31 32 38 24 43 47 41 23 32 36 46 54 44 25 38 27 23 47 48 
19 27 47 22 
32 58 36 30 21 26 35 40 49 30 28 40 16 34 47 18 19 25 
54 41 30 22 23 41 47 41 25 17 41 54 39 49 16 56 39 30 53 44 58 26 44 54 18 35 42 40 45 38 32 43 54 27 49 39 31 39 48 38 32 46 42 
23 46 22 52 28 18 24 16 25 42 
51 39 46 36 19 35 48 45 40 28 28 27 51 
47 29 40 32 33 35 21 35 40 16 35 40 50 36 37 49 49 35 48 46 49 45 39 47 42 
51 17 60 52 59 
30 36 34 43 
50 37 48 44 41 45 38 48 35 48 47 45 47 29 52 51 36 36 54 42 35 52 24 44 21 32 23 29 47 41 32 47 47 47 47 47 54 45 30 19 41 33 40 54 45 49 54 51 34 32 54 43 39 31 45 20 25 41 40 31 40 27 43 41 54 51 44 41 29 42 16 42 38 45 38 21 44 32 49 37 50 21 33 51 31 46 33 32 39 35 30 
54 52 45 29 50 47 34 30 28 53 21 49 46 44 39 
25 26 30 28 36 37 26 38 44 46 40 37 36 35 35 35 
36 44 19 49 19 38 53 20 31 19 26 53 29 39 
52 28 38 52 40 
44 44 46 19 37 32 43 53 24 42 
53 28 40 26 29 44 44 39 26 27 30 27 42 26 33 18 41 31 30 39 45 56 38 54 40 52 25 34 54 50 33 44 32 41 45 
42 26 43 46 29 39 20 59 54 32 52 45 37 30 43 51 43 35 23 45 23 43 51 49 29 
47 41 47 48 52 58 50 32 30 35 34 31 49 33 42 49 31 24 35 22 30 38 49 37 16 36 37 31 22 23 39 45 41 48 38 43 48 40 45 47 27 32 32 56 46 31 26 45 51 44 37 41 48 33 53 39 53 36 33 35 27 23 36 54 
59 31 52 27 
39 46 44 42 32 42 30 36 52 52 44 28 38 48 44 47 49 42 34 44 24 42 53 28 32 45 24 39 31 17 39 49 31 45 38 20 35 47 46 23 37 19 32 24 19 33 41 28 20 39 18 35 36 17 
43 55 49 43 16 28 33 39 18 45 44 29 39 31 42 35 35 48 27 52 53 30 
54 33 35 29 39 44 30 47 43 26 51 42 46 33 43 42 30 28 50 50 50 37 19 45 15 50 45 25 40 42 49 47 24 20 24 52 25 33 29 42 19 46 43 28 22 27 40 
33 31 20 33 39 30 26 23 44 48 19 34 50 42 
39 36 36 52 43 
33 45 19 41 34 
57 32 32 36 31 62 34 42 49 42 29 46 43 
47 29 53 36 50 
51 54 59 52 49 36 28 44 33 48 51 31 26 39 45 46 21 53 48 
32 51 27 39 33 54 50 30 32 35 37 54 31 42 46 34 28 35 37 24 30 32 30 32 35 20 21 34 30 47 35 30 15 
43 53 46 39 
24 28 28 29 36 44 41 17 46 23 26 20 45 
50 46 60 49 47 49 23 49 42 46 35 38 44 32 32 59 34 43 38 42 40 54 51 47 32 32 46 42 24 
26 32 36 57 
31 41 42 35 37 
26 43 30 33 40 19 34 58 39 42 46 24 40 37 50 41 31 32 39 33 37 31 35 20 29 45 30 58 27 
51 35 44 45 
42 25 21 27 35 39 35 46 59 53 36 40 38 39 42 49 30 32 32 
54 54 27 22 
36 41 52 49 33 24 35 25 59 34 48 33 48 28 
30 27 43 27 
30 42 45 27 32 17 49 37 35 33 53 34 38 46 51 22 41 33 50 29 29 26 
23 29 47 24 31 18 26 33 32 41 41 
32 47 25 22 40 49 41 23 22 19 47 25 33 32 57 46 26 19 23 43 21 39 25 34 35 49 48 46 39 22 35 29 34 43 32 29 24 34 29 32 30 36 23 54 21 30 43 37 27 21 29 40 50 21 38 36 34 47 32 40 33 38 33 47 32 22 31 29 46 40 47 24 31 27 53 20 41 45 43 46 22 31 26 25 51 25 47 38 34 36 30 21 36 38 30 31 36 37 18 33 39 29 43 32 30 48 44 41 19 47 21 29 26 27 52 18 39 39 31 45 34 47 22 20 28 42 25 38 44 49 42 34 41 43 29 25 38 30 45 28 36 28 34 32 39 28 42 34 33 50 23 40 23 43 32 48 29 27 50 40 44 47 22 37 38 18 47 30 23 25 20 45 27 36 34 44 29 29 44 32 35 46 46 35 31 46 43 33 44 45 45 39 57 31 32 35 43 23 40 27 40 17 24 42 45 29 28 28 33 31 47 46 48 52 41 40 28 25 31 45 30 54 20 28 31 27 39 22 52 25 41 33 31 40 30 42 36 27 48 40 27 26 35 52 32 55 39 19 52 52 26 31 26 42 44 29 23 22 39 25 34 29 38 24 33 22 41 37 29 39 29 26 35 25 34 27 26 54 31 41 32 33 51 41 20 33 48 22 50 28 31 49 43 46 28 37 42 39 24 25 31 34 30 36 25 42 23 33 27 38 34 27 31 54 35 30 52 56 35 39 46 34 48 32 18 28 38 33 48 27 25 33 48 37 41 25 24 51 40 29 39 50 50 32 42 61 29 36 27 42 37 42 30 33 39 21 35 54 47 42 53 33 36 25 36 24 29 35 43 43 34 41 38 44 50 23 16 49 48 26 40 36 23 20 38 44 34 25 20 39 30 38 59 31 30 36 29 48 31 31 51 43 52 27 22 43 31 53 48 36 18 36 21 38 40 33 32 48 30 49 32 45 49 18 47 31 25 38 26 30 31 45 26 34 25 29 23 32 24 52 41 18 32 43 37 34 19 35 41 56 32 44 35 45 45 49 36 25 28 51 57 32 25 24 24 37 49 30 28 21 49 28 50 38 49 48 43 39 32 44 31 35 46 36 26 46 32 44 43 22 54 47 25 21 39 36 39 30 30 45 24 30 43 39 45 24 39 29 35 31 23 22 27 28 42 37 31 43 38 41 50 48 34 44 33 33 35 56 39 29 35 40 32 31 50 27 31 36 58 49 37 28 25 44 30 36 45 48 27 44 42 31 53 39 34 21 36 26 39 29 30 25 25 27 41 30 54 49 22 56 38 40 43 31 35 49 46 27 39 36 37 30 49 45 28 31 33 35 36 38 37 27 35 41 39 34 23 27 32 22 33 42 39 32 39 51 30 44 36 55 32 34 55 39 30 35 39 28 27 
36 22 48 19 39 52 26 27 24 25 
38 54 34 42 43 
48 34 45 38 37 31 44 32 36 41 53 37 
40 54 47 35 28 23 43 30 46 25 39 53 33 29 38 33 31 49 47 
37 53 48 26 45 42 42 27 28 33 
55 19 43 47 27 25 47 33 39 35 45 44 47 45 52 27 47 44 35 46 51 48 47 33 36 48 28 58 43 44 30 23 
30 38 44 26 21 37 19 40 44 25 48 30 36 33 
31 38 50 21 39 37 39 34 44 57 50 25 33 47 35 47 30 51 35 
20 32 40 31 26 19 22 20 39 34 52 18 29 34 27 26 49 17 27 35 45 52 23 59 54 54 28 35 46 48 19 26 18 42 27 53 
50 18 49 53 40 52 54 38 46 29 43 40 38 30 43 32 26 25 29 48 32 43 31 47 31 50 43 39 47 29 36 34 46 26 19 39 28 44 41 41 37 49 53 21 46 20 29 33 51 36 45 31 41 45 40 
32 32 19 48 39 
44 32 28 35 46 
51 31 45 59 43 50 45 44 42 43 44 43 48 45 31 41 19 
32 36 50 42 25 39 44 35 23 39 38 49 31 
52 41 26 33 54 54 37 45 47 37 52 29 34 18 28 23 49 41 25 47 29 24 37 47 43 28 45 49 44 25 22 47 50 43 29 50 26 49 36 54 
56 45 40 26 32 34 27 30 43 39 45 23 29 53 35 44 47 36 45 40 39 41 44 
38 26 44 52 47 
46 24 53 53 45 46 44 56 42 33 18 30 30 47 33 18 59 29 39 32 50 33 30 20 36 33 50 48 23 47 49 36 40 48 43 44 42 43 42 46 32 58 30 23 32 49 18 45 46 31 49 49 23 30 21 51 45 35 36 48 23 30 41 22 30 21 50 47 51 29 41 32 27 21 35 22 50 31 19 25 48 30 27 59 46 25 51 34 41 45 43 49 40 
49 41 47 35 35 40 18 24 37 46 
24 26 25 29 30 16 40 31 54 37 24 37 37 23 22 39 37 29 50 27 58 31 21 30 
32 32 35 39 33 
49 28 37 27 59 
55 35 40 36 40 
38 24 37 43 26 45 32 30 32 54 20 42 51 41 35 47 41 54 44 47 42 18 37 51 39 21 30 35 19 16 23 38 29 28 33 43 46 52 39 26 40 31 44 38 
40 33 24 17 56 
29 27 29 33 15 
45 44 49 42 34 51 39 46 30 27 42 47 30 47 25 43 52 35 35 28 34 45 48 
55 42 45 22 41 21 32 38 18 57 30 28 47 43 51 24 29 39 38 33 44 56 
49 32 33 18 31 46 47 38 25 27 41 35 33 29 44 30 43 25 51 
54 32 49 33 28 
41 46 47 43 32 18 28 30 44 54 19 18 21 32 
31 31 51 18 47 37 24 26 28 41 42 24 50 46 42 39 31 47 42 59 48 46 26 28 39 41 49 39 18 43 25 31 43 35 28 31 40 27 34 23 39 33 52 18 
38 40 43 43 34 21 27 49 42 28 43 49 41 43 30 42 30 32 56 38 40 40 18 31 26 41 54 36 30 50 26 
31 23 37 41 
30 38 26 29 47 25 19 27 27 26 42 29 36 30 31 28 42 32 40 29 44 23 44 20 35 40 27 31 35 29 25 30 36 48 33 52 25 39 37 55 41 30 39 28 26 28 36 44 38 19 35 31 21 45 33 21 22 35 22 45 33 21 40 23 45 37 22 27 43 48 28 43 21 31 18 34 21 39 51 37 33 25 25 35 46 23 26 44 50 25 29 54 34 40 32 33 47 49 46 31 29 35 41 35 39 44 22 43 42 58 42 26 30 26 24 51 19 30 30 35 33 25 35 20 48 58 33 44 35 29 52 35 21 43 54 43 24 42 27 36 19 30 31 32 47 32 39 48 22 30 27 25 23 36 31 32 36 41 32 47 28 49 19 29 49 49 41 44 61 29 48 49 37 47 33 23 47 35 39 31 22 41 39 30 39 41 30 47 37 29 28 21 43 46 39 27 49 36 39 39 32 48 31 32 30 46 39 46 38 27 37 32 46 41 39 31 36 36 42 45 30 33 54 29 20 22 44 48 21 34 37 32 39 42 39 28 45 46 34 18 23 38 41 34 46 23 36 22 54 25 30 33 25 25 28 37 40 41 36 45 52 40 30 29 32 47 53 37 39 34 50 24 39 29 38 21 40 49 27 23 33 32 26 25 56 42 31 39 30 31 39 47 44 27 18 26 25 33 30 40 32 44 37 27 53 35 20 41 29 28 22 23 47 48 40 33 30 22 46 30 33 29 48 20 42 40 44 18 32 30 41 25 35 25 43 53 40 24 42 47 35 40 39 46 48 30 46 31 29 25 44 25 31 26 25 31 30 30 36 29 44 54 45 39 21 37 46 20 30 29 26 27 44 26 40 39 31 30 48 28 43 22 26 43 40 23 35 45 20 37 42 19 50 42 48 48 38 39 51 29 31 39 50 18 44 18 37 38 54 40 39 32 35 40 26 33 26 41 30 21 39 53 24 34 28 26 32 22 23 29 41 41 36 43 39 43 26 28 42 25 47 47 41 50 43 28 31 24 47 42 37 22 35 41 30 54 52 44 41 39 42 25 34 48 19 50 32 46 34 49 38 40 53 35 21 36 28 29 25 37 55 21 24 51 27 27 33 40 48 39 39 34 35 33 47 20 54 42 35 
35 29 28 38 
29 48 58 20 36 
29 43 27 21 31 25 35 21 42 24 29 35 31 44 39 29 46 32 20 28 
39 17 27 45 40 30 26 35 33 53 42 
29 37 44 35 28 
36 42 32 33 
54 51 18 39 49 
56 44 22 46 31 
31 34 23 26 27 32 19 22 38 30 47 32 37 31 
49 30 46 19 59 31 24 31 49 50 43 19 36 41 31 62 46 34 49 56 51 18 34 48 46 29 39 49 35 39 56 33 29 32 21 18 23 34 27 38 34 31 25 
50 31 27 26 53 40 48 50 41 29 40 46 28 47 53 45 39 44 58 30 30 44 29 52 38 31 43 23 45 17 49 50 20 23 48 16 51 27 40 54 
27 23 47 52 45 28 30 39 25 28 35 23 28 23 28 28 17 39 31 23 25 31 36 27 36 29 30 42 
34 36 37 37 27 24 56 48 53 25 45 49 35 32 43 27 26 19 29 46 48 34 54 45 32 38 28 45 28 33 25 16 27 31 23 49 37 29 49 31 42 49 39 29 22 41 32 32 47 40 24 32 44 29 44 37 32 39 29 45 39 39 53 24 49 18 39 40 24 32 17 28 44 43 36 34 43 21 37 54 27 41 39 39 46 31 27 23 46 29 40 49 27 47 41 47 34 41 48 35 41 56 24 28 42 28 31 44 44 49 34 42 31 39 31 47 44 20 40 55 44 26 48 43 49 32 38 25 51 29 36 25 26 38 43 54 53 39 29 40 21 33 31 41 29 17 18 29 44 51 27 53 48 42 30 53 21 30 39 31 32 40 33 26 34 28 32 41 36 31 35 40 36 35 31 29 41 33 28 49 27 35 28 52 45 42 31 42 40 54 41 53 35 24 26 30 49 26 32 40 48 40 45 50 41 23 22 43 33 33 43 52 34 20 24 38 25 46 30 30 38 55 43 44 34 46 31 48 22 18 30 31 59 26 45 51 45 49 49 16 47 29 40 33 47 20 20 21 35 34 32 40 36 38 39 32 30 26 36 52 34 40 47 39 40 33 16 35 33 30 31 34 26 21 26 28 27 28 29 58 35 36 28 38 45 56 26 33 50 38 33 34 38 31 46 27 31 20 31 38 46 29 23 39 41 36 24 41 42 35 39 35 54 44 36 38 28 26 29 29 46 39 42 42 45 42 53 60 50 36 24 41 24 33 25 36 29 36 31 53 29 44 46 32 34 37 22 39 38 49 49 46 36 32 35 40 49 42 37 23 34 36 28 35 47 31 24 44 27 43 52 48 49 39 46 40 33 38 48 46 50 33 35 45 44 49 41 43 39 23 34 29 47 43 47 42 41 29 18 30 48 29 26 21 53 43 35 31 46 25 29 46 36 33 36 56 27 26 29 40 50 52 38 47 36 31 31 35 28 23 30 28 54 27 32 48 30 54 41 26 21 28 33 30 27 25 35 39 43 30 17 27 
46 37 30 52 29 41 21 48 25 43 27 39 30 28 28 32 32 46 16 35 22 34 30 27 46 30 45 29 38 46 46 46 40 56 47 43 
47 44 46 25 
31 27 48 38 25 48 33 50 43 23 30 31 49 59 37 27 49 37 50 
68 24 51 43 24 
67 54 47 34 19 66 48 72 47 37 
39 16 48 45 46 24 44 22 33 43 52 47 45 
44 27 51 39 29 47 49 19 43 50 24 
39 35 30 33 46 19 53 39 39 38 47 37 31 37 41 44 28 42 56 23 38 41 33 
26 38 40 24 26 45 47 41 28 28 43 28 46 41 33 37 46 36 31 29 38 46 51 37 
54 41 52 47 25 35 29 30 39 26 26 53 52 31 32 45 25 50 30 51 35 19 33 52 26 31 32 41 47 39 36 39 40 41 46 45 48 44 47 43 47 46 37 35 32 48 48 47 25 49 43 39 43 48 48 51 35 41 31 46 32 40 44 48 48 39 32 21 22 41 43 41 26 38 47 31 45 29 29 49 34 32 43 49 24 30 49 47 40 40 30 25 36 42 49 44 42 48 39 38 39 37 
29 20 43 29 20 
25 52 44 42 
32 44 42 35 38 34 41 33 44 50 30 36 38 23 39 36 31 58 37 42 47 31 39 46 44 51 28 36 59 40 27 36 32 52 35 38 25 48 32 40 15 33 24 35 35 43 46 22 19 18 29 38 46 36 39 21 28 35 31 37 40 57 27 39 25 22 35 23 26 32 46 47 30 49 35 49 42 
45 26 34 39 
34 30 38 21 26 26 43 43 22 31 44 31 36 25 55 35 29 29 41 39 30 19 41 25 22 19 41 
53 49 53 37 52 49 19 34 46 54 44 32 48 
53 42 40 33 34 31 47 34 34 39 32 32 43 19 45 37 43 40 38 16 49 20 39 45 42 48 41 35 26 35 53 35 40 54 45 29 48 46 49 42 42 48 20 28 45 21 54 37 52 20 29 43 23 36 28 28 21 46 41 41 28 46 19 
56 40 32 55 
30 27 37 43 35 39 38 38 19 38 54 31 27 25 37 21 53 26 26 27 32 42 41 40 18 33 38 39 40 33 42 19 39 28 
28 40 48 19 40 42 21 37 27 48 39 18 43 55 33 
44 20 55 39 36 
31 36 43 43 
33 37 29 45 34 
38 39 50 26 58 44 44 22 54 30 21 35 16 31 23 43 50 42 32 54 46 44 41 37 21 39 43 35 39 21 27 48 25 54 27 33 42 48 36 54 24 34 33 47 34 37 
27 30 25 39 26 34 25 27 33 48 43 26 45 33 30 56 22 20 40 20 
41 50 39 42 19 41 25 41 25 31 43 42 34 38 39 28 42 29 38 43 54 32 26 41 42 31 54 45 33 40 48 44 51 42 34 50 31 43 37 50 38 25 39 53 22 21 44 29 47 42 46 36 20 29 26 41 48 36 27 35 44 45 52 33 39 45 41 41 33 42 46 27 28 45 46 19 39 37 42 54 30 32 37 41 26 48 36 33 54 33 40 29 35 48 27 28 59 24 51 30 24 50 54 29 39 46 59 49 22 30 32 50 40 52 45 32 29 54 33 34 54 23 45 44 38 31 41 42 55 41 21 35 47 43 22 29 54 29 33 33 31 46 23 27 40 38 49 43 35 45 39 25 21 47 26 32 51 48 38 43 35 41 27 48 21 26 45 47 46 31 30 50 39 22 54 44 55 42 44 43 49 34 31 47 27 53 20 28 33 34 31 26 21 21 29 18 23 45 26 41 54 48 38 46 27 27 33 50 37 23 20 48 36 30 25 51 32 20 49 22 21 36 33 48 25 40 25 47 27 43 28 34 46 44 41 48 20 44 35 26 24 39 20 42 51 36 31 42 39 40 48 43 41 35 54 23 42 29 15 24 49 35 39 46 42 36 30 42 51 45 23 37 36 27 34 41 49 30 42 19 29 36 26 49 30 26 19 29 43 44 29 39 39 20 42 52 20 42 53 34 43 46 45 32 17 23 19 42 43 27 33 34 28 29 36 51 30 26 33 44 38 41 19 47 47 21 18 26 25 29 38 32 46 39 54 34 42 40 28 47 45 39 49 46 43 48 35 38 34 37 32 43 53 48 38 45 41 45 45 34 41 52 59 57 31 45 44 20 54 43 33 47 42 39 52 51 30 35 41 30 44 44 34 41 50 54 21 32 45 26 19 41 39 29 59 22 42 28 41 47 32 43 37 29 48 50 22 22 42 45 20 30 44 46 27 42 38 53 30 17 32 40 45 27 36 47 34 43 32 46 22 49 35 44 29 49 52 27 28 49 35 27 52 47 35 28 30 49 47 42 43 44 40 28 36 51 40 35 15 55 44 32 43 35 42 45 26 41 42 48 51 52 53 26 28 51 28 37 47 51 46 25 47 39 37 20 45 40 44 41 39 30 40 24 35 44 22 46 23 26 40 45 53 36 48 45 46 34 38 40 27 31 42 36 29 38 42 48 39 51 27 34 30 41 46 32 29 18 33 40 40 43 44 46 20 54 53 29 51 34 40 39 15 24 52 49 47 39 32 19 39 47 22 47 31 16 48 43 31 47 26 25 23 39 22 26 50 39 34 46 45 39 46 33 19 29 40 39 51 36 43 41 22 20 37 40 47 43 36 42 47 33 43 22 45 52 29 57 40 38 48 28 28 32 51 51 19 23 47 44 31 49 31 31 35 56 53 38 23 36 30 28 43 35 37 63 31 28 42 54 36 21 41 21 49 19 27 35 31 20 40 52 36 30 23 53 26 48 35 19 52 39 34 22 46 41 47 35 48 38 50 46 24 47 24 45 30 18 52 20 19 27 40 44 21 44 29 50 26 23 29 41 39 21 28 42 29 52 28 42 31 47 47 32 51 39 40 25 49 53 33 33 44 43 32 47 48 32 32 27 22 39 42 46 48 32 48 47 20 25 47 45 28 29 45 40 44 41 51 34 28 28 50 50 53 28 54 30 44 34 22 25 42 49 48 25 42 46 25 22 40 48 42 32 33 49 30 44 45 40 51 51 49 50 42 35 36 22 54 36 48 32 47 23 19 31 40 45 39 24 39 46 30 29 32 20 17 26 24 24 28 59 46 48 27 35 33 46 40 48 31 31 36 28 51 39 30 53 40 33 34 30 33 51 43 29 25 34 23 27 46 34 50 28 28 39 23 48 32 29 54 38 26 18 28 45 41 46 40 39 26 29 27 33 20 28 32 36 33 33 20 47 20 40 51 35 33 57 43 27 45 34 35 19 42 47 39 51 34 48 30 53 57 54 46 34 39 47 39 31 28 37 37 46 47 41 46 20 28 35 44 21 41 56 43 29 40 35 40 35 40 45 45 23 45 40 41 28 34 50 27 34 40 27 44 26 42 42 44 36 49 48 38 41 38 30 36 23 56 54 49 39 27 40 44 42 45 44 20 48 38 28 41 43 24 44 28 32 56 39 50 30 45 48 41 30 32 26 33 53 26 44 23 22 50 45 45 40 26 47 38 25 42 19 49 40 26 53 36 19 46 30 49 27 19 18 18 48 49 30 48 40 48 28 35 43 48 28 31 42 32 43 57 37 31 47 41 49 26 37 51 56 29 50 36 34 40 42 26 30 39 29 57 32 38 27 25 22 41 40 38 37 38 57 25 33 22 52 39 47 34 28 39 53 41 39 42 52 44 23 33 39 33 51 17 34 53 41 37 48 47 36 32 20 38 33 39 37 29 41 37 53 43 33 25 48 45 51 43 43 39 27 21 46 45 28 53 41 36 43 24 35 39 20 23 39 42 37 35 19 33 30 32 47 23 40 33 45 35 33 38 30 40 49 24 41 41 43 52 37 53 54 49 18 35 35 32 59 26 47 37 53 49 20 22 53 35 39 39 25 41 50 21 23 50 27 46 40 40 21 23 40 46 20 38 34 39 40 33 48 39 53 25 41 39 36 46 39 26 25 49 44 28 44 42 48 22 34 27 48 29 29 34 42 29 32 46 47 39 42 47 30 39 49 45 41 59 45 41 43 28 45 47 41 24 39 43 28 44 26 27 47 35 33 48 33 32 29 33 28 23 46 44 41 21 44 26 32 31 41 43 33 35 44 17 35 45 40 48 24 39 27 28 33 17 36 42 23 38 38 42 39 45 27 26 19 40 44 38 45 41 33 43 45 38 46 47 42 35 29 40 28 31 40 39 26 35 49 53 30 27 27 28 34 50 22 29 32 20 52 52 46 32 48 49 38 43 23 21 42 45 46 28 29 35 47 34 49 24 51 24 31 35 23 32 49 28 39 50 42 34 32 26 30 42 39 59 38 40 52 60 
24 47 40 33 29 
55 22 44 45 
49 41 47 21 48 53 30 28 32 23 
32 29 37 39 29 
28 25 19 32 42 
30 29 32 34 49 24 33 31 30 47 51 39 29 37 52 30 24 30 43 44 45 32 33 17 43 21 28 39 59 24 33 30 22 32 29 29 50 
61 35 52 40 39 42 48 56 33 27 48 51 26 45 27 25 33 35 41 50 40 34 45 
30 44 40 38 40 
39 41 49 35 20 44 38 41 37 20 31 46 36 33 54 23 31 36 41 24 45 41 32 29 40 36 48 53 15 49 31 35 44 19 39 43 42 25 19 46 
37 51 29 32 36 27 25 38 45 42 29 43 36 36 36 33 33 25 
56 37 45 28 28 21 48 32 40 40 53 
45 51 32 34 51 22 41 45 41 19 21 17 26 34 21 48 47 16 33 52 35 26 27 39 28 28 25 21 46 48 29 46 30 27 30 54 57 42 48 40 43 37 47 43 52 27 16 30 31 46 48 
33 33 30 51 
54 46 46 23 52 
37 49 27 22 
43 48 38 26 19 37 43 26 41 24 29 27 43 37 43 44 38 43 41 52 32 
20 26 41 46 46 
46 31 39 45 
33 30 38 33 40 49 29 35 42 43 26 32 21 44 
35 54 38 48 44 35 30 51 25 42 28 24 37 50 45 32 44 47 39 37 
31 32 42 43 29 28 30 32 42 41 42 23 22 26 32 32 25 39 25 39 43 24 31 43 53 53 43 18 45 
46 28 31 38 25 31 26 29 52 18 33 24 29 30 47 34 41 40 45 19 29 43 22 25 22 25 30 39 40 41 46 58 39 54 25 38 31 49 28 36 49 37 42 20 30 19 36 31 24 48 49 22 19 31 39 46 20 39 39 45 25 39 25 23 32 26 51 41 34 49 50 33 53 45 54 51 27 46 18 39 30 31 46 44 49 33 48 54 19 43 25 36 19 28 49 32 43 30 40 31 48 20 45 41 40 27 46 39 43 48 46 44 50 48 19 38 56 43 53 46 35 51 48 29 30 44 58 19 30 32 40 18 37 31 35 49 30 57 42 31 39 36 32 48 20 32 35 26 19 19 54 26 26 22 31 47 44 32 63 33 42 45 32 27 43 40 38 49 49 39 40 28 24 49 54 28 33 26 31 21 46 39 55 25 52 40 40 40 33 37 32 48 29 37 52 49 51 43 43 52 29 43 49 39 27 30 41 48 28 21 40 46 39 30 30 36 58 30 47 41 48 32 51 41 31 30 32 28 19 21 30 56 22 36 51 25 39 16 55 27 57 36 36 33 
60 59 25 47 43 30 40 48 54 46 40 24 31 40 36 53 46 53 31 48 22 47 49 40 39 28 57 
20 39 36 26 
55 29 17 25 38 
43 41 34 34 42 42 38 28 29 56 47 35 44 
28 40 51 46 26 34 24 39 44 30 21 32 45 28 35 31 48 25 
34 41 36 20 
56 53 33 46 48 42 37 33 25 29 16 34 30 43 44 18 49 34 35 26 43 19 45 28 46 32 44 42 56 49 33 42 40 50 41 44 31 16 57 29 34 42 49 40 37 53 51 48 35 42 52 25 26 35 42 48 54 41 27 46 46 39 37 20 41 31 40 34 27 41 47 37 50 31 29 35 38 46 
25 39 32 29 39 35 22 62 45 28 30 21 47 45 33 22 58 31 35 26 45 37 32 22 37 39 35 45 46 37 36 47 31 30 36 46 21 34 15 51 44 22 29 37 41 31 27 23 28 38 50 31 49 36 18 23 42 19 33 48 
47 62 21 32 
42 30 52 43 26 45 29 38 30 41 48 42 46 43 40 43 40 48 53 46 31 31 21 43 26 42 43 20 49 52 34 37 24 28 48 41 41 38 16 44 20 22 41 53 21 40 33 28 34 38 48 28 29 32 21 42 24 
36 45 24 48 31 33 48 33 38 37 44 31 25 19 28 48 17 39 32 39 49 46 33 37 40 
34 28 45 30 25 28 31 44 43 27 36 26 30 32 51 38 20 42 18 42 46 43 31 31 40 29 44 39 28 51 39 40 29 35 52 38 20 25 23 43 27 36 42 52 34 32 35 42 32 23 33 41 34 28 45 
52 44 43 53 
26 37 25 21 23 46 25 28 37 49 36 27 37 30 16 19 36 45 36 29 50 20 44 33 
43 52 37 42 
18 34 42 24 24 39 24 19 29 17 23 37 22 41 41 49 18 32 41 53 39 48 18 45 19 39 19 36 18 19 51 19 46 19 23 48 
37 45 43 29 
51 37 27 32 47 20 43 33 36 25 
33 39 27 38 
24 52 23 42 38 32 39 38 35 33 33 19 27 29 46 23 47 24 44 26 41 39 36 28 54 18 40 41 57 29 19 24 26 24 32 35 41 34 38 32 24 25 45 48 43 21 51 36 23 26 58 35 32 36 27 33 52 25 37 22 40 29 28 29 40 36 37 31 37 43 23 25 39 31 52 26 23 54 23 24 27 55 47 49 39 36 32 21 37 48 21 21 19 54 23 35 57 48 19 35 19 24 22 33 39 54 20 24 20 32 35 20 27 46 49 25 38 23 23 24 30 46 27 29 15 37 50 46 41 21 18 46 28 30 35 22 28 21 20 44 41 37 32 28 19 29 24 36 32 19 31 38 16 30 47 31 37 
26 25 22 41 28 29 34 33 29 24 26 26 44 39 41 51 25 43 33 22 45 37 50 41 27 54 22 31 16 22 30 27 30 36 19 32 29 47 54 22 45 49 29 23 28 22 30 18 35 30 25 37 27 33 45 52 38 28 39 38 43 44 32 27 28 37 52 34 22 35 32 43 51 27 48 35 18 
57 25 34 40 47 32 39 37 49 25 44 54 35 30 32 45 42 45 
46 30 38 24 28 19 25 51 35 50 47 33 41 34 38 37 40 32 59 47 32 35 42 46 28 50 31 44 25 
54 36 43 42 
38 40 33 48 40 44 36 20 50 42 
51 54 22 59 53 46 36 44 49 52 46 49 38 41 49 49 39 52 45 47 39 46 45 33 23 55 20 24 46 45 59 27 
52 51 45 31 58 47 47 37 44 46 45 28 26 27 25 46 
42 41 26 49 23 41 42 46 27 46 29 37 42 35 54 38 20 49 20 25 46 30 51 31 48 43 
40 47 22 31 46 48 35 36 46 32 27 35 
25 29 52 42 
28 39 27 34 
46 34 33 42 27 
43 34 54 39 42 45 51 20 22 35 20 37 50 22 42 29 29 35 31 49 44 32 43 39 40 44 26 51 33 46 46 44 47 47 49 54 29 46 32 47 42 
33 46 23 42 44 32 38 48 37 31 52 31 38 26 26 
25 52 39 56 41 43 29 41 43 58 26 45 22 41 59 38 43 20 25 30 54 26 38 58 47 62 49 45 29 27 23 34 25 31 
52 40 31 38 21 21 26 35 25 29 50 55 41 53 39 49 32 35 41 38 35 39 52 48 39 33 25 30 41 30 33 43 37 45 57 31 28 41 46 38 48 30 36 41 39 26 46 32 32 40 29 54 
39 20 43 32 30 37 49 35 35 53 26 31 52 23 37 35 25 33 35 39 43 27 27 53 32 40 42 32 48 42 30 39 35 51 54 47 44 27 31 20 21 28 43 40 32 44 35 54 37 35 35 42 45 31 43 43 31 39 52 28 29 30 28 43 23 32 31 24 52 25 53 48 31 29 39 39 40 30 26 27 28 33 36 45 
31 32 39 39 
48 36 33 28 26 
39 44 
35 23 44 43 30 
52 34 26 34 37 44 31 49 54 41 49 
27 29 21 28 33 26 29 24 29 23 29 37 28 
51 35 46 41 
23 25 46 37 32 
50 21 48 44 51 37 40 40 51 34 22 40 45 48 41 36 41 32 23 49 26 30 25 
25 22 62 35 
47 36 36 50 46 21 30 31 52 49 46 30 32 32 23 34 25 39 34 
53 46 38 48 
51 53 43 40 27 53 43 41 34 49 42 48 40 36 42 56 48 29 26 23 39 36 50 44 46 29 54 29 39 40 25 44 26 42 40 30 47 21 33 43 21 39 32 46 40 25 38 31 46 48 38 53 31 27 37 51 35 49 32 30 47 24 36 35 39 42 49 51 58 49 47 31 40 44 38 38 50 48 49 38 54 43 39 39 39 51 31 42 49 25 51 39 28 35 33 46 38 38 45 44 40 42 26 33 50 45 52 25 57 36 44 51 44 36 25 47 44 37 25 51 52 39 31 35 42 39 46 54 31 49 61 35 44 45 24 48 25 40 32 52 48 51 41 54 30 30 31 21 35 31 45 25 38 49 31 40 42 32 30 53 54 36 46 30 47 42 49 24 46 49 28 43 41 52 27 47 52 30 49 41 50 52 27 34 44 43 29 34 54 21 52 55 29 54 36 47 48 40 33 32 42 31 51 25 28 37 56 46 35 41 32 43 46 28 41 30 33 40 39 40 40 28 54 42 38 46 24 50 34 53 40 44 46 48 29 36 51 25 50 50 38 47 44 52 54 36 47 42 58 37 48 33 32 37 20 53 58 38 32 54 34 26 45 49 51 53 29 40 24 46 35 45 50 44 26 25 45 45 49 53 48 38 30 50 43 44 27 40 50 45 44 43 53 50 27 49 46 53 41 31 53 40 50 48 45 27 49 48 57 42 42 31 25 32 40 40 35 39 39 26 49 28 42 27 41 41 54 43 49 38 46 32 48 32 54 25 45 31 35 21 49 40 46 44 53 51 44 26 46 51 46 35 34 49 49 43 47 41 29 47 54 57 53 52 26 29 37 45 49 28 45 47 36 23 32 56 28 54 40 43 40 36 46 44 41 33 40 41 49 30 30 55 35 43 49 25 49 34 48 34 42 30 35 50 58 52 52 52 23 29 31 27 31 33 43 41 40 41 37 34 47 46 52 23 49 36 54 31 43 31 35 49 32 43 23 28 49 50 36 35 32 54 42 35 23 53 43 50 53 27 45 49 28 42 48 38 32 42 41 28 26 47 39 35 43 30 54 42 53 40 44 42 49 50 55 43 21 48 32 40 44 42 35 52 34 53 45 51 49 51 51 42 25 55 32 44 37 27 34 53 47 46 51 50 55 36 48 27 37 45 46 41 51 37 51 32 44 25 47 50 34 29 43 22 26 47 40 38 
54 50 54 45 30 51 45 22 45 42 44 54 51 27 43 35 39 35 30 31 31 51 36 49 45 39 
25 41 27 31 35 30 42 40 41 26 24 42 30 26 59 25 42 44 42 31 46 54 29 23 24 38 28 46 35 32 41 48 52 26 22 23 35 34 47 39 26 27 40 38 21 32 47 32 21 20 20 39 39 39 25 54 28 22 27 31 29 37 20 38 36 36 39 30 46 43 41 40 26 54 45 25 28 25 35 53 34 50 22 34 31 27 25 27 29 26 23 25 39 23 40 25 46 29 33 35 22 28 26 59 31 30 52 26 36 30 49 28 43 35 29 30 32 33 48 44 42 43 33 41 50 27 24 39 30 54 20 27 48 25 45 35 39 25 45 36 49 44 42 25 31 26 45 35 42 37 42 25 39 46 23 31 49 
59 31 57 51 20 45 48 24 43 43 56 45 39 25 35 32 42 46 42 42 36 51 47 36 25 53 31 
49 36 47 41 33 49 56 62 27 41 51 45 22 41 
64 41 30 30 39 31 40 23 37 58 57 25 25 32 43 51 45 45 29 37 22 35 47 46 54 29 47 38 32 47 53 38 35 31 39 43 48 33 
44 31 25 46 31 32 26 42 54 30 49 54 32 30 43 31 
51 51 41 24 23 48 52 49 39 39 25 53 
56 53 39 43 37 34 41 24 37 34 43 
30 37 34 31 
55 41 35 26 41 
36 39 38 21 42 37 31 28 42 28 30 48 45 
27 49 25 50 28 39 28 36 58 31 21 35 58 44 26 43 27 25 32 39 44 38 
53 38 31 41 46 28 53 44 58 25 33 26 56 37 
41 36 20 46 23 29 43 28 39 43 34 35 36 44 30 27 
43 27 21 47 37 43 30 38 35 47 28 26 51 31 21 43 40 46 21 34 48 32 46 54 51 43 47 42 46 40 30 38 39 49 33 52 44 59 
53 43 35 24 56 39 30 36 31 57 26 41 39 41 34 49 56 47 
57 23 35 43 42 25 50 38 47 27 21 38 40 38 34 34 53 26 52 28 47 48 23 37 
50 47 55 29 33 51 34 48 50 25 43 
53 52 38 36 44 41 46 42 44 28 41 48 42 28 47 40 30 33 33 59 39 43 39 42 25 62 51 41 29 48 49 25 36 42 
24 43 38 27 35 
46 25 30 32 
33 43 25 36 34 43 29 25 33 30 37 36 36 44 45 
50 43 36 30 38 43 45 54 43 49 52 47 46 43 45 44 38 47 41 45 33 31 
31 26 38 32 33 40 37 41 33 50 36 32 27 41 24 45 37 64 28 40 29 52 31 29 47 33 35 23 40 34 26 38 23 27 49 42 25 23 20 32 50 33 32 
45 29 37 35 
56 44 33 30 45 27 35 34 40 51 52 31 41 43 45 30 53 35 52 33 21 35 48 39 39 51 46 
46 26 48 34 
58 25 40 30 40 35 50 50 41 41 53 38 29 39 
45 47 40 57 28 40 27 28 29 35 45 38 25 29 49 26 31 44 50 34 40 37 49 29 23 41 34 47 34 44 32 42 25 25 52 22 36 33 33 28 43 35 48 27 45 50 42 43 30 45 35 45 48 42 48 42 46 39 52 50 44 43 36 43 28 39 33 54 32 28 48 45 52 46 41 31 47 20 53 28 48 27 61 35 30 33 20 27 47 25 45 30 46 30 26 54 48 40 35 28 30 53 57 28 40 42 38 52 34 48 42 51 24 48 54 53 30 30 46 33 53 45 59 29 24 40 48 46 33 37 53 40 52 47 33 53 47 40 33 36 39 49 31 43 30 26 52 39 45 55 41 50 31 32 50 60 29 
63 32 31 46 40 52 49 43 49 52 52 42 36 48 52 47 33 51 46 48 23 20 54 48 39 39 21 29 28 39 39 42 59 38 57 53 32 30 44 32 25 24 22 45 50 20 36 49 49 41 38 32 26 22 34 20 24 47 35 41 39 51 27 35 25 39 30 22 28 56 51 57 38 47 55 50 41 24 51 49 25 39 40 34 37 49 35 20 41 45 29 30 30 28 31 30 39 47 45 34 58 35 41 49 48 49 45 54 32 25 31 29 43 52 48 42 46 23 28 56 25 22 28 47 25 58 39 56 44 33 24 38 40 29 25 40 21 50 38 53 43 29 38 25 48 47 45 44 22 31 48 37 32 42 52 37 41 31 45 35 24 51 46 23 33 40 54 47 40 36 45 54 33 30 50 45 28 32 38 36 35 34 36 29 34 42 33 46 32 25 44 50 30 46 42 49 57 44 36 29 46 47 27 40 24 49 52 28 44 35 32 36 47 31 48 39 24 21 45 57 43 30 29 48 44 29 26 23 37 52 42 26 37 33 46 39 35 28 47 32 29 21 41 33 36 26 46 35 23 45 35 58 48 41 47 27 48 40 54 29 34 44 46 30 45 37 45 27 38 39 28 48 43 20 47 42 36 23 42 36 37 49 44 31 35 38 33 58 48 20 47 27 41 44 22 40 30 29 32 35 39 50 49 57 41 47 53 45 45 51 57 40 44 43 36 26 48 34 36 53 29 47 46 53 42 45 36 45 37 33 45 45 28 28 40 25 37 52 43 42 48 43 39 23 59 47 44 54 34 35 34 40 25 41 26 51 49 44 29 38 50 29 36 33 53 41 51 24 43 41 31 48 33 51 48 51 29 39 30 51 36 32 51 44 48 48 38 53 43 44 37 39 47 51 51 47 26 43 38 46 49 48 54 27 47 25 23 44 30 30 36 25 46 53 47 35 29 36 35 30 62 45 48 39 27 45 30 43 37 39 52 44 50 30 22 37 30 25 42 24 51 47 52 30 25 
37 33 50 41 
25 39 23 38 30 49 35 38 28 49 29 
45 25 43 43 25 53 47 23 20 52 25 46 48 27 40 27 54 21 37 27 27 48 
46 21 51 45 39 25 28 53 40 38 50 39 36 38 43 39 20 35 32 45 44 32 27 39 55 26 28 41 43 38 41 35 25 31 43 58 38 33 39 46 44 48 41 48 41 35 32 42 
50 43 40 43 54 49 44 45 51 26 46 31 29 43 45 50 39 44 47 43 28 34 28 49 49 48 45 44 30 54 29 35 30 47 41 50 45 37 53 45 36 47 28 30 
40 36 25 50 48 
50 38 29 35 50 
58 50 46 38 47 26 21 48 40 51 53 27 22 36 38 23 53 32 46 
38 36 38 29 25 44 42 29 36 52 
44 49 33 36 37 37 29 27 41 45 24 32 
25 20 34 49 34 
48 53 48 31 49 31 57 46 28 41 44 30 46 45 26 45 45 36 35 38 54 34 37 23 23 30 37 38 32 37 43 38 35 36 39 30 54 38 48 47 51 33 42 44 43 41 46 42 49 37 43 34 45 49 47 46 49 53 28 52 39 45 44 21 36 30 46 32 28 53 49 35 37 32 37 48 22 49 22 42 33 20 50 49 29 53 31 49 40 28 21 36 44 52 45 38 27 25 45 27 40 37 40 47 53 44 49 56 29 33 39 51 23 29 42 30 46 38 28 46 53 46 42 50 39 20 28 21 43 47 57 32 30 47 37 49 39 32 55 23 41 54 34 44 42 48 27 31 29 26 44 54 24 28 43 48 36 33 26 22 38 26 48 46 37 38 23 49 26 45 29 35 25 32 31 36 21 50 41 30 23 32 25 26 26 39 42 30 32 43 27 30 22 52 29 44 40 48 21 33 38 43 49 59 51 37 26 44 48 46 49 50 42 41 50 44 44 35 42 50 53 53 47 43 30 39 37 32 42 29 21 45 39 37 22 53 32 28 
30 20 33 34 
62 35 36 44 26 37 32 39 41 24 41 31 32 23 21 55 54 50 28 28 35 29 35 39 34 48 21 32 24 26 36 25 50 49 41 51 43 31 32 43 50 53 35 47 57 25 36 
49 54 48 54 59 49 43 53 24 31 32 22 40 32 
32 53 44 33 44 42 53 34 45 42 39 32 34 46 37 28 20 37 30 53 50 32 25 30 37 41 47 43 54 48 44 31 27 26 35 34 25 38 52 29 39 30 29 47 33 46 28 31 53 52 37 60 28 38 38 37 41 34 21 29 44 55 41 33 43 25 46 49 30 45 22 40 25 28 27 23 39 36 30 34 48 47 44 41 43 34 31 39 20 30 46 31 25 31 53 39 47 23 42 58 30 38 21 49 23 27 48 35 28 37 21 26 41 37 32 47 25 27 53 46 29 28 25 51 30 27 30 32 34 29 20 29 35 32 49 41 39 37 37 31 41 37 49 42 33 51 39 34 34 31 42 38 44 42 47 31 31 22 34 21 40 31 41 22 22 27 32 45 23 37 30 28 43 22 33 43 27 34 21 29 21 40 20 28 30 35 40 26 21 39 39 33 27 34 40 24 40 32 22 46 55 24 31 30 56 22 28 48 37 29 26 28 40 43 42 53 30 44 25 33 24 23 30 52 53 35 41 36 27 
67 35 69 42 73 34 45 27 52 27 44 73 53 52 28 59 35 63 39 67 43 57 74 31 54 26 46 61 71 46 31 64 60 56 29 55 46 28 42 50 43 62 73 34 47 62 41 39 73 53 48 40 41 49 51 74 72 32 53 50 41 41 55 31 71 48 56 26 49 42 51 22 30 27 53 31 48 44 26 70 55 67 56 48 21 22 34 24 58 30 20 25 30 43 59 42 37 32 22 51 60 20 51 61 32 51 64 51 28 46 25 30 54 70 50 45 44 50 34 20 54 60 28 45 28 64 66 31 34 48 54 65 41 56 25 72 60 36 25 28 62 50 44 44 71 33 71 27 54 27 59 41 28 27 49 61 46 70 29 44 25 40 62 47 52 54 32 20 24 44 
48 37 39 33 44 37 54 32 43 31 36 44 30 31 40 35 46 23 29 35 48 53 29 49 47 47 36 42 
46 38 49 35 40 26 36 54 48 43 35 43 39 
37 32 28 31 42 25 33 25 36 35 41 30 42 27 30 39 46 43 37 36 31 38 30 41 32 38 31 46 50 40 25 47 34 50 42 36 46 26 50 47 35 49 41 46 50 26 22 45 32 28 52 27 43 43 31 44 34 33 26 32 41 30 57 27 31 40 38 23 41 43 42 46 46 58 20 40 32 30 31 46 42 35 48 35 38 44 40 30 45 48 54 35 34 35 30 53 42 43 48 52 49 26 32 45 35 37 32 47 48 43 30 37 43 26 21 44 31 36 40 36 49 41 44 34 37 29 28 31 45 44 38 58 41 31 30 44 46 36 
50 34 40 36 53 
31 41 30 29 26 46 22 38 45 49 44 36 39 28 33 28 33 35 48 51 25 49 25 49 53 29 49 45 44 37 31 38 45 50 38 53 45 32 32 37 47 33 25 35 28 35 40 28 30 44 35 
54 40 53 33 26 
63 28 40 49 37 
50 31 52 46 46 54 37 41 25 24 49 37 38 35 47 37 25 53 48 43 54 46 37 29 26 54 46 47 31 40 27 37 45 42 54 25 22 53 43 52 28 51 51 54 33 31 48 43 31 55 27 41 40 53 35 50 43 21 43 22 50 28 49 46 25 43 40 39 42 42 51 20 27 25 39 47 51 45 43 28 53 24 50 60 53 36 26 49 47 31 34 38 35 47 30 38 40 36 52 42 25 54 43 42 57 38 28 25 44 35 27 40 31 42 36 38 45 49 39 48 27 32 30 45 30 23 29 45 54 42 45 27 53 21 23 49 31 34 44 20 45 47 42 41 57 44 47 49 44 32 39 42 49 37 44 45 41 29 40 44 40 31 41 31 25 43 42 34 23 47 26 27 51 28 55 28 41 28 54 40 26 48 27 52 53 31 28 30 25 49 24 45 34 54 53 48 51 54 36 30 50 42 35 33 38 45 42 51 39 48 47 41 22 37 50 21 49 45 37 27 41 33 31 46 30 44 46 47 27 39 38 30 44 32 39 27 54 28 35 26 59 38 30 42 43 58 45 39 36 29 46 39 41 48 40 59 42 45 44 35 39 43 30 39 50 54 54 28 41 29 42 53 53 48 47 39 30 39 48 46 43 36 46 42 31 25 42 63 51 48 32 51 42 39 28 25 48 36 30 49 37 32 32 43 31 42 38 45 54 34 51 49 44 34 43 42 34 33 35 53 40 36 52 25 35 42 40 47 31 26 35 47 25 48 45 58 36 43 43 42 34 27 50 39 47 43 36 34 52 55 20 28 23 38 30 42 34 32 34 53 46 22 53 49 28 43 45 26 46 40 46 34 44 47 41 25 53 31 50 30 47 46 34 35 46 40 46 46 42 40 53 49 43 32 48 46 51 49 30 44 42 35 34 38 44 51 48 48 53 54 21 49 23 50 35 43 32 35 37 46 23 29 32 50 41 48 27 20 54 30 21 38 48 42 27 47 53 33 29 43 26 50 45 57 51 51 32 48 59 52 22 39 46 25 48 55 45 42 52 45 43 40 26 39 39 47 21 31 31 50 20 34 22 43 34 27 44 48 29 30 21 43 40 29 54 29 28 30 48 43 45 37 49 34 38 44 30 24 51 53 38 52 28 26 50 55 50 35 51 35 30 54 43 47 41 26 58 31 32 32 35 28 30 46 50 42 41 39 29 44 28 43 25 48 39 52 33 45 26 52 44 32 38 40 47 47 44 53 21 52 39 36 32 33 52 25 48 39 24 32 33 35 27 40 49 21 24 38 41 36 39 41 52 30 27 33 31 34 47 53 32 58 46 40 41 49 39 39 48 35 39 29 35 46 45 52 45 30 24 50 24 30 43 50 53 33 47 33 35 30 46 46 51 47 57 50 37 30 26 51 54 49 43 35 49 42 39 39 35 39 43 42 51 49 41 34 43 36 36 22 34 44 35 49 34 45 53 31 33 46 41 35 33 25 48 25 49 48 46 25 35 36 49 47 50 40 36 40 32 41 31 41 32 30 28 28 36 29 38 34 43 53 41 41 25 38 41 53 27 44 24 30 37 43 40 42 53 25 41 41 43 36 41 31 52 32 26 48 40 34 28 43 25 52 48 51 30 48 25 38 46 28 39 29 36 51 41 32 51 52 44 28 53 39 34 54 33 32 29 44 39 30 47 49 43 43 40 26 35 33 28 27 28 33 42 52 46 48 30 42 37 43 38 34 41 21 30 50 39 34 41 22 52 44 31 21 26 39 51 40 47 51 53 40 50 54 35 44 40 52 43 26 51 30 53 51 23 44 35 39 28 45 23 39 21 48 32 44 50 23 35 30 51 46 52 31 45 49 42 43 48 47 31 42 44 42 41 41 40 31 48 36 48 54 42 47 53 39 39 46 41 37 46 28 34 45 29 31 47 44 26 37 51 37 41 26 27 28 48 45 31 53 41 49 34 39 50 30 32 34 31 26 31 40 54 59 43 46 45 37 39 30 30 47 35 30 48 58 36 44 36 25 38 54 37 40 46 30 51 33 41 27 34 54 37 49 52 35 34 44 50 37 42 26 31 54 32 26 45 42 28 39 45 37 33 38 21 47 44 59 54 53 45 42 37 31 30 20 45 47 33 49 48 53 46 23 28 48 26 45 40 34 29 29 44 39 38 46 36 40 35 54 35 25 45 28 29 44 27 54 33 37 42 33 27 26 52 59 26 24 38 33 39 45 44 47 32 33 27 46 42 38 25 43 20 54 22 30 53 40 38 53 47 44 27 37 27 35 48 38 52 54 43 44 40 40 43 49 38 43 31 41 43 38 48 48 49 44 37 25 32 38 52 49 31 53 42 39 29 34 28 29 43 47 45 20 39 53 32 53 28 46 33 36 43 32 41 40 42 51 32 49 43 29 47 38 24 21 44 25 30 41 33 51 45 41 48 58 30 39 41 39 30 51 48 31 47 48 31 32 47 43 46 41 49 36 49 46 30 45 20 50 37 40 48 31 49 25 44 32 42 53 31 44 35 43 56 46 23 43 49 41 22 49 20 27 35 43 52 38 23 52 45 44 30 31 29 31 40 35 31 34 34 21 38 37 43 38 46 49 53 37 27 43 46 40 39 22 35 32 45 31 26 39 40 
55 49 39 45 38 
54 36 47 35 
26 39 26 24 43 41 29 46 35 51 32 45 32 42 33 21 31 36 26 39 23 35 44 
54 51 52 50 45 
45 24 29 39 44 37 26 43 32 38 41 31 28 26 
56 28 37 52 54 
49 42 44 46 48 
46 41 25 58 
47 42 42 32 
46 40 25 44 43 43 27 47 25 58 29 58 
52 43 49 40 33 20 50 53 52 25 26 48 36 54 47 25 21 49 42 22 40 39 23 25 25 51 39 28 44 35 32 27 34 52 33 33 49 35 57 27 48 57 37 50 39 51 49 23 47 49 49 41 45 32 43 24 
48 34 52 21 
51 39 47 42 39 
50 47 47 29 47 30 35 30 55 43 33 20 39 29 45 51 
59 42 31 41 45 30 27 42 20 40 49 42 28 41 25 47 
56 32 42 43 55 
68 46 44 21 31 50 60 74 42 29 32 45 
51 40 30 49 29 56 48 34 56 48 49 39 41 32 50 30 24 40 30 23 46 64 50 41 51 54 28 23 35 35 24 37 58 41 32 49 20 28 37 35 31 38 43 58 28 25 25 23 31 36 42 45 38 35 53 26 43 47 49 53 48 53 42 52 47 30 40 41 38 31 21 21 30 27 38 37 27 43 33 29 30 53 33 38 39 34 43 44 46 49 58 35 23 53 27 47 
51 55 47 54 41 50 50 25 27 49 35 
54 45 24 35 
52 45 47 47 53 33 48 30 36 40 38 46 20 47 31 53 48 42 28 43 48 54 48 45 
54 30 53 52 
55 44 53 32 40 
51 46 30 24 31 
33 27 40 33 36 
48 39 55 54 44 47 26 45 42 56 32 36 41 40 30 42 48 27 27 48 36 49 34 43 54 44 33 30 21 27 51 46 50 49 40 50 48 20 30 48 43 24 
32 23 23 31 
50 41 33 44 
42 45 46 43 23 30 23 21 21 32 33 35 
30 22 29 29 42 39 38 35 30 27 35 41 25 21 38 33 44 45 42 42 34 52 28 43 38 38 29 41 20 
21 46 25 48 27 23 49 29 21 24 31 26 37 41 25 
69 21 28 50 25 64 52 40 53 46 20 64 51 54 34 48 24 54 43 30 39 39 33 34 72 53 52 31 51 30 27 52 43 25 72 26 64 57 39 48 71 39 53 34 33 28 61 54 63 36 64 29 29 39 62 63 47 28 64 55 51 22 26 61 51 30 71 29 28 59 39 55 60 
55 35 49 22 
39 38 44 37 
26 26 31 46 
26 26 29 25 25 31 28 41 55 60 44 46 26 33 59 38 41 27 35 32 20 31 23 26 41 52 38 
57 24 41 46 
32 49 35 63 41 
52 27 53 40 27 
48 34 35 23 39 50 54 27 48 28 33 
62 45 38 52 49 53 32 39 48 34 39 36 51 28 37 45 48 40 
33 39 43 40 39 27 48 26 36 30 25 35 
54 42 37 22 54 38 40 27 47 48 
34 36 37 28 26 45 31 41 43 22 32 28 35 
58 35 28 34 48 47 32 44 50 24 45 49 31 30 33 43 54 33 49 37 29 21 44 35 22 33 45 29 33 31 58 28 38 30 41 46 22 32 46 43 45 54 50 55 20 48 28 50 42 39 40 36 39 52 57 54 29 38 44 57 44 42 
44 34 34 48 42 30 28 48 32 42 26 40 32 26 45 20 39 56 37 47 52 30 40 20 53 46 51 42 20 54 35 
64 45 32 44 
57 48 44 46 54 40 33 48 27 51 34 28 45 33 45 31 36 51 24 
32 27 26 28 40 22 55 31 38 25 38 43 35 32 55 48 48 39 37 22 33 57 30 50 47 26 34 38 32 44 26 34 36 47 41 58 55 38 31 23 39 55 48 25 46 42 51 34 24 
51 53 50 52 46 36 26 56 49 41 40 36 51 47 28 27 39 46 38 
58 38 59 43 43 50 29 33 26 47 51 53 39 
23 29 32 53 27 21 44 49 46 20 23 20 24 
46 31 44 33 
23 21 30 38 39 36 31 28 27 36 29 25 42 49 26 44 44 
51 52 38 35 
56 49 27 39 54 34 45 43 39 39 43 49 35 42 43 40 38 37 46 30 27 45 49 30 48 42 42 47 37 39 43 54 47 34 44 44 28 42 48 37 23 30 56 34 35 26 26 27 36 29 35 42 44 26 43 46 45 30 29 42 42 27 39 44 40 36 34 32 48 45 54 29 36 47 38 39 25 40 41 30 35 51 22 37 20 35 43 30 33 24 46 46 38 31 43 45 31 47 42 31 57 29 27 32 24 49 47 39 44 37 25 42 41 22 35 34 21 28 33 44 53 51 41 25 55 26 35 57 44 47 32 50 58 24 31 34 32 33 46 40 45 37 51 30 40 23 40 41 25 54 52 42 35 41 36 53 48 53 20 28 43 43 25 33 28 24 54 33 47 51 47 42 49 45 32 50 59 23 53 
52 50 38 36 53 40 35 40 28 47 32 47 38 47 37 32 26 54 49 47 43 50 29 33 40 33 52 30 40 42 51 59 43 35 54 52 47 31 42 23 41 26 36 46 40 44 48 40 39 49 25 48 43 54 41 30 31 45 45 35 41 47 56 32 46 51 46 49 29 33 21 58 35 43 53 27 42 35 51 
53 48 51 29 20 54 57 41 50 41 50 51 56 37 49 40 22 40 38 51 35 41 42 53 45 30 31 49 27 38 
47 37 38 48 46 41 25 33 32 25 
55 32 39 49 41 
50 32 26 35 51 
55 38 50 33 46 50 53 34 38 48 26 25 
25 32 35 52 42 
56 27 37 32 35 42 37 37 34 38 36 54 20 33 33 49 43 41 25 49 52 50 51 34 
66 22 25 56 60 45 58 46 38 62 53 26 23 
54 23 52 32 53 26 46 28 30 33 47 37 39 28 55 28 46 21 37 49 53 49 37 59 43 20 36 46 49 51 26 28 30 49 51 23 38 37 51 33 30 45 51 49 57 37 39 53 
54 48 48 39 24 55 30 52 27 22 49 50 38 24 48 49 39 49 
55 25 27 51 52 52 59 22 51 23 
69 51 47 25 52 53 30 32 67 47 61 63 57 21 58 23 23 21 32 74 61 25 25 72 46 30 50 51 54 67 25 22 33 49 27 26 55 47 20 45 21 45 56 32 58 30 53 47 61 53 30 50 52 49 32 60 21 58 26 24 60 29 29 45 24 55 62 49 22 26 47 26 58 70 61 33 46 53 32 51 53 55 21 31 26 52 53 28 25 62 57 
46 33 49 28 53 23 52 56 47 45 54 49 45 31 34 25 33 52 30 50 46 53 51 47 53 33 33 
67 49 21 56 
59 49 63 29 26 26 23 31 30 20 47 53 49 48 45 27 32 50 31 28 47 46 47 54 32 34 24 21 27 33 45 32 47 34 31 54 49 32 49 46 31 30 34 55 23 29 45 29 49 55 49 50 34 26 26 21 46 23 29 52 52 47 48 46 24 53 49 21 27 
50 45 47 58 32 51 49 25 20 32 30 33 25 27 54 23 31 27 
63 29 45 23 34 45 20 31 49 49 24 32 47 57 48 27 46 54 29 28 52 32 47 27 32 45 27 46 33 28 22 50 48 45 29 31 51 34 25 46 57 21 29 29 51 27 32 27 50 45 28 33 54 45 46 45 50 52 49 30 45 31 54 33 56 48 54 48 61 34 22 50 47 34 21 52 51 29 56 26 47 30 20 59 
51 46 31 48 
53 48 28 46 33 48 30 21 20 47 56 32 48 29 31 48 28 30 50 32 21 45 32 31 25 30 48 29 50 26 30 54 54 30 56 51 25 25 31 20 33 26 51 31 54 31 54 54 55 53 51 46 47 52 33 54 25 47 23 29 28 25 31 56 53 58 52 45 34 51 28 29 54 47 32 47 55 50 23 21 48 47 26 45 49 47 53 45 46 31 49 54 32 30 28 48 58 29 49 54 51 45 20 45 45 46 45 27 54 48 50 51 47 49 25 46 30 45 48 47 47 47 29 25 28 59 51 31 34 25 34 45 28 52 30 49 52 29 52 53 22 30 47 26 31 46 34 
55 26 33 32 30 30 50 54 31 54 46 34 52 
54 47 27 48 28 49 54 45 24 26 49 25 22 47 54 45 30 20 24 48 31 53 27 32 28 28 34 46 49 33 34 47 47 27 28 25 45 34 31 52 29 31 31 45 48 49 24 45 53 59 26 45 55 22 54 31 34 46 54 47 45 29 54 20 45 30 52 26 29 28 22 52 25 51 47 25 32 48 46 49 32 34 51 54 53 32 52 45 49 54 57 25 49 
62 52 26 23 
58 53 27 50 29 
65 24 33 29 
53 30 49 27 26 28 31 27 54 30 20 57 23 28 46 50 58 54 48 30 50 29 21 32 33 45 50 25 31 32 55 22 49 51 34 26 21 30 52 34 49 52 32 27 31 51 34 49 48 34 51 53 34 29 33 50 45 46 54 58 23 53 52 28 33 31 45 45 48 33 49 33 54 52 20 49 33 48 20 34 28 29 47 46 50 22 
52 24 54 46 
48 29 26 32 32 32 27 30 53 32 54 47 27 50 21 47 32 53 26 46 23 54 
69 52 32 22 74 
57 50 46 52 
58 21 21 22 54 47 24 55 47 30 20 24 46 
61 50 53 22 48 47 49 47 22 30 54 
57 31 52 55 24 51 34 31 21 46 34 49 32 24 54 52 32 58 24 53 48 60 53 21 30 32 48 
56 32 22 34 48 50 63 54 53 52 
55 53 49 45 48 
50 45 24 23 52 
55 49 52 33 48 23 51 46 31 48 48 51 53 49 45 
50 33 20 30 59 31 46 50 53 33 
58 24 31 34 31 
47 50 53 46 34 51 45 46 52 20 48 32 
51 46 50 48 31 56 34 49 47 24 48 50 34 46 34 46 51 53 49 54 46 48 46 53 30 51 51 31 23 51 54 34 24 33 45 45 48 33 34 53 50 21 49 49 49 56 30 47 32 22 52 30 53 49 33 32 30 30 57 48 54 20 
58 48 52 49 21 45 49 33 52 31 53 54 46 48 51 47 53 57 57 
59 49 20 58 30 31 20 33 55 22 54 54 
55 47 53 32 33 32 23 48 47 53 52 34 46 50 32 50 53 57 32 53 30 54 48 34 49 33 33 31 30 
30 34 33 53 56 47 50 32 21 58 47 53 47 20 51 46 21 31 22 24 49 45 
51 48 30 24 
53 52 45 47 54 
66 32 61 59 49 50 60 51 52 47 54 55 34 60 50 58 50 58 54 63 48 52 31 
52 32 20 49 
56 56 54 53 
50 30 52 45 53 30 32 52 34 51 23 48 48 59 49 24 53 47 54 49 46 47 34 34 47 46 54 54 55 
50 20 59 47 31 52 30 48 20 32 32 45 34 52 
57 33 52 49 31 24 20 32 23 31 21 32 24 57 24 30 32 22 21 54 51 22 54 22 58 53 31 31 51 33 33 56 50 31 30 50 59 52 31 30 31 53 50 30 32 34 58 54 
52 34 31 51 54 31 53 30 53 30 50 51 33 51 
51 32 52 30 51 30 31 57 54 52 
50 50 32 51 
56 53 51 31 33 52 31 55 57 33 50 53 33 54 
50 54 31 52 
59 33 31 53 52 
57 34 50 32 32 30 52 33 50 52 34 52 32 33 51 52 30 
53 52 33 30 30 53 50 52 54 51 55 52 
57 30 32 32 34 31 51 31 34 30 53 34 31 51 58 
54 50 53 33 53 50 50 33 31 30 52 34 53 51 53 32 32 53 30 52 34 53 53 32 34 51 33 32 56 54 50 59 33 34 32 52 54 32 33 50 33 53 31 63 34 33 51 32 56 59 31 54 57 58 51 50 54 30 32 32 52 52 33 53 34 30 51 54 52 56 33 31 31 30 32 34 51 55 59 51 53 31 31 31 52 34 34 30 31 34 51 50 31 32 50 57 34 34 53 31 34 52 57 51 33 52 59 52 31 53 54 31 30 33 51 31 53 32 53 52 30 54 54 31 34 52 30 54 34 33 32 32 33 54 54 34 52 52 33 32 30 54 52 53 59 54 54 30 
57 59 32 31 54 33 51 51 50 34 52 50 53 32 31 57 30 52 52 31 30 51 30 59 33 
64 57 33 51 32 31 51 30 30 32 56 34 53 32 52 33 50 53 54 54 
53 50 30 54 
54 50 52 52 50 53 50 51 50 52 51 53 54 51 52 50 
54 54 55 54 56 51 51 51 50 52 53 54 53 53 50 53 51 58 57 50 52 
58 51 59 63 56 51 53 59 59 51 50 52 53 54 57 
57 51 52 54 59 
51 50 53 54 61 51 62 53 52 53 51 50 54 51 
62 53 55 52 50 
55 59 53 51 56 52 51 53 51 51 52 54 51 54 54 58 54 53 51 52 52 51 50 54 53 60 50 52 54 54 54 53 63 54 53 54 51 57 50 57 61 50 53 53 52 51 57 57 50 58 59 54 52 53 62 62 51 52 51 54 52 59 54 50 54 50 59 56 50 59 52 54 
62 55 51 50 
56 51 51 50 54 50 52 55 55 52 54 51 54 57 54 54 50 56 52 51 
66 53 61 52 58 64 53 52 51 62 57 53 51 60 53 51 55 58 55 52 58 56 59 57 
53 54 59 53 50 54 56 53 52 53 52 52 55 50 51 53 53 52 50 52 54 55 53 50 50 53 50 
55 56 52 58 57 53 50 61 53 51 
67 61 56 64 50 
53 51 56 50 
64 54 54 50 55 57 52 53 50 59 
57 53 63 58 54 
55 58 52 54 51 51 50 54 50 53 50 58 
58 53 56 53 51 51 50 51 54 51 
65 63 61 62 64 63 69 52 60 51 52 50 56 54 
56 52 53 50 51 53 52 55 51 63 53 
58 50 51 54 
60 59 51 50 
59 52 53 54 51 53 51 54 50 53 50 54 52 50 50 54 51 
52 54 54 51 
53 58 57 53 50 50 51 52 51 53 53 50 51 53 54 
52 51 51 53 
67 59 52 51 52 54 60 64 53 50 54 64 57 52 63 63 62 56 53 61 52 56 62 58 59 53 53 62 61 63 56 50 59 
58 59 50 50 54 
65 61 62 56 52 59 50 61 59 54 65 
55 53 51 52 54 
61 50 51 63 52 63 58 57 52 59 59 58 57 54 53 58 56 54 56 56 51 57 53 51 53 54 52 50 54 55 50 52 56 50 63 50 52 53 50 55 53 52 50 53 54 56 52 57 52 58 55 52 50 50 55 
51 50 52 50 54 53 53 51 54 52 53 52 53 50 54 50 57 52 54 51 50 53 54 57 52 54 51 52 50 51 50 56 50 
56 53 57 54 54 57 51 56 50 64 50 53 50 
56 53 59 57 50 56 54 50 54 54 52 51 64 54 54 54 51 50 56 
64 54 52 52 56 51 51 50 50 50 51 51 52 50 51 52 
51 52 51 57 56 54 54 50 56 56 59 51 50 53 53 55 54 58 54 51 55 54 50 51 52 52 52 54 55 50 58 54 53 54 50 53 56 51 54 53 52 53 54 50 50 52 56 50 52 54 51 51 57 57 64 51 51 50 59 54 57 55 63 57 51 54 50 53 50 52 52 56 55 52 54 63 53 57 59 57 54 53 51 52 53 54 52 53 50 55 54 53 52 50 51 50 52 52 54 57 51 54 
55 59 53 52 54 
57 54 51 58 
56 54 51 58 
66 61 58 64 57 65 51 50 64 54 54 52 50 56 
57 54 50 54 
54 56 53 50 50 
59 50 51 50 61 51 51 57 50 52 57 53 50 50 51 50 50 50 54 53 51 53 53 50 57 52 50 54 54 53 54 54 59 55 54 50 50 50 59 53 
56 52 51 51 56 53 57 55 52 54 57 50 57 51 53 50 50 52 50 52 53 57 56 53 53 51 53 54 54 53 53 62 56 51 50 53 53 51 51 55 51 54 63 51 52 52 
61 55 59 53 54 
56 53 51 52 54 53 51 51 50 58 53 58 52 52 53 52 51 54 50 51 51 52 54 52 52 58 52 53 52 54 54 57 54 52 55 54 54 58 54 52 51 51 59 
63 58 59 50 
60 51 52 54 59 54 59 51 58 50 59 54 52 56 
56 53 59 54 50 50 52 51 57 53 53 54 54 50 
59 52 50 53 50 57 52 51 57 50 56 52 52 53 59 55 60 52 51 53 51 54 57 50 57 56 50 57 54 53 54 54 52 56 51 58 54 53 59 51 52 53 50 50 56 56 55 56 55 58 55 55 59 55 62 61 56 59 59 58 63 59 57 59 57 57 59 56 57 60 59 59 55 58 58 57 61 58 59 61 56 
61 57 58 56 59 59 55 58 59 58 62 
65 55 56 56 58 57 60 56 60 58 56 64 55 55 56 63 55 
57 58 58 58 59 
55 58 56 55 58 56 56 59 55 59 55 59 55 57 
67 56 68 57 64 
55 56 57 63 57 59 61 58 56 59 55 58 55 60 58 58 59 58 57 62 59 58 62 57 57 56 55 57 60 57 58 56 57 56 64 56 59 57 58 
55 55 56 61 58 64 59 55 57 57 55 
55 55 59 58 55 
66 66 61 58 60 62 60 62 58 59 
55 58 58 57 59 
59 58 58 64 59 
55 58 59 59 57 57 55 56 57 59 59 59 58 58 56 58 58 57 59 59 55 58 
58 58 62 56 58 55 63 55 56 58 55 57 55 
59 57 59 57 
68 56 56 58 69 
59 55 58 61 56 57 55 56 57 59 55 56 55 59 58 62 56 57 56 
64 55 58 58 
65 57 60 58 64 60 55 58 58 61 56 62 64 55 59 63 62 62 62 
57 59 55 59 
57 59 57 59 55 59 56 57 64 56 60 56 
56 56 55 55 57 
59 61 55 57 56 57 55 58 59 56 
58 57 57 56 62 55 55 57 56 56 57 56 56 59 55 55 
58 55 55 56 
64 55 59 56 58 55 58 56 55 59 59 56 58 57 56 58 55 59 61 59 57 59 57 57 59 55 56 58 56 57 61 56 63 55 59 56 57 58 55 58 59 59 56 56 57 62 59 58 57 61 57 61 57 55 59 
60 57 57 63 
57 55 57 59 58 
58 58 58 58 58 59 55 55 57 58 57 57 
66 57 68 60 64 
58 55 59 58 58 56 58 57 63 58 57 58 57 64 57 
66 69 62 59 63 55 63 57 58 60 69 65 57 60 
55 55 55 56 
55 55 55 58 58 57 57 56 56 56 55 58 59 59 55 56 58 56 57 59 59 57 59 57 59 55 58 58 63 64 57 55 55 57 57 55 57 59 60 58 58 56 55 57 56 57 57 59 56 59 55 57 56 57 56 57 
55 55 58 59 56 55 58 55 59 61 59 59 57 59 55 59 55 
62 58 63 55 56 
59 55 64 56 56 59 56 59 56 58 58 57 56 59 63 56 
60 56 57 59 
61 58 57 59 58 56 58 57 57 56 
57 58 56 59 59 60 55 55 55 55 57 57 64 55 59 57 57 59 57 59 58 58 56 58 57 56 57 58 58 56 58 57 58 55 59 55 55 55 
64 57 57 59 59 
68 64 56 62 57 
68 58 58 57 
59 55 59 56 55 
62 59 57 56 
55 57 55 56 55 56 64 57 60 57 55 57 57 58 62 59 
59 57 58 59 56 63 56 56 56 58 58 56 56 59 55 61 57 61 56 58 59 59 56 59 58 58 64 57 58 56 55 57 59 63 59 56 56 59 56 59 64 63 
65 55 56 59 57 61 56 60 57 62 63 61 
55 57 56 64 
67 68 61 67 59 
68 63 57 58 61 63 57 59 64 65 
66 57 56 55 58 56 68 64 64 57 59 56 58 55 64 62 56 
67 63 58 58 
55 60 55 55 
56 57 58 55 55 58 55 59 57 61 58 64 56 56 58 55 
69 61 60 63 63 55 57 56 62 57 58 63 69 60 55 59 62 65 60 57 59 62 64 61 57 62 57 55 69 62 55 57 58 55 58 
65 66 57 57 59 58 67 58 58 55 58 55 56 58 69 55 56 57 58 59 59 65 55 57 55 57 57 59 56 59 68 57 69 58 65 59 56 56 59 56 58 69 55 57 66 55 56 68 66 67 68 68 67 68 69 65 68 69 68 67 69 69 69 66 67 66 65 68 66 67 67 69 69 68 69 66 65 68 67 69 69 68 66 69 66 68 65 68 69 65 69 65 68 66 68 66 68 67 66 65 65 68 66 69 68 66 68 69 69 67 65 66 69 66 66 69 66 66 68 65 69 68 69 65 67 66 67 65 67 67 67 66 68 65 69 66 67 67 67 67 67 67 68 66 65 68 66 65 
65 68 68 67 
66 67 69 67 66 68 69 66 68 65 69 66 66 69 69 68 68 66 
67 67 67 69 
