35 42 41 40 43 53 48 26 37 36 28 
49 21 30 39 45 
24 48 21 36 38 
32 34 37 42 19 
32 45 44 25 20 31 37 48 44 47 36 31 39 26 39 35 44 31 33 48 38 40 37 19 34 40 25 40 36 25 18 48 38 32 28 23 23 48 58 34 35 35 37 42 39 36 53 45 26 28 22 57 54 41 17 27 49 37 54 38 30 32 52 32 33 19 33 33 35 30 42 
33 28 40 44 54 47 48 37 35 37 
45 26 18 36 35 20 39 54 45 36 22 19 50 33 15 41 48 27 43 55 
37 24 51 34 22 28 40 48 54 44 22 30 33 39 48 35 35 
34 49 49 41 35 
37 37 31 31 23 22 40 42 43 49 41 33 42 30 44 45 45 38 35 53 37 49 27 19 42 16 30 37 38 40 48 19 52 42 37 36 25 38 37 45 31 37 43 45 
54 59 30 48 41 49 52 46 48 44 24 30 23 33 
52 22 34 36 28 50 50 22 28 48 34 35 43 44 28 29 41 25 32 39 49 28 36 58 43 22 47 44 42 48 47 47 35 32 52 37 45 48 40 38 31 32 43 36 50 38 26 21 41 40 27 47 
32 41 41 34 40 32 19 45 47 31 19 45 40 25 36 22 40 33 20 52 17 24 38 49 43 49 30 28 28 34 18 34 28 47 
22 25 31 32 23 36 41 25 20 48 15 27 
19 19 23 31 29 21 37 22 37 44 30 16 18 17 30 34 45 36 34 24 32 19 22 32 22 24 17 22 44 45 19 52 37 48 25 37 27 33 49 43 22 33 24 42 36 35 31 50 29 16 41 38 25 17 44 18 54 16 44 41 22 41 54 
51 46 49 52 43 53 33 31 43 36 47 36 55 17 26 36 52 36 42 26 37 40 16 17 50 40 51 41 37 49 33 31 32 48 60 50 45 21 28 26 25 41 48 42 44 49 37 41 20 26 34 46 30 50 44 31 53 33 33 55 47 48 41 46 33 49 53 53 54 37 26 16 46 51 29 48 45 52 40 44 24 29 47 
27 34 33 19 38 
29 34 40 29 46 41 51 21 47 40 47 39 
47 49 17 42 45 
29 43 47 46 
41 26 40 48 43 
52 30 37 32 
31 25 32 19 43 47 49 19 43 24 37 27 36 40 23 27 
53 42 42 33 18 19 44 35 24 36 53 19 30 33 46 47 36 36 44 34 49 49 20 54 38 29 31 31 40 29 51 41 28 41 45 37 44 40 44 44 44 20 49 49 31 43 43 40 24 52 31 53 30 38 48 45 21 26 26 36 37 21 37 43 36 29 43 54 37 42 35 34 61 46 47 37 22 37 41 41 29 37 34 51 49 36 42 38 32 16 31 54 34 26 37 40 36 47 51 23 37 42 37 25 54 49 56 46 26 46 25 40 29 41 48 
53 45 50 37 20 18 36 43 29 30 40 22 28 20 37 31 36 46 26 51 33 33 22 22 58 40 48 34 19 29 
27 32 41 21 37 28 19 37 22 22 37 44 43 41 43 31 25 26 23 49 48 25 38 29 54 50 34 36 51 42 29 48 35 25 35 46 19 37 48 48 39 48 30 49 46 42 27 31 37 43 25 25 28 45 31 25 18 37 31 19 42 34 20 35 21 23 37 30 38 36 27 25 54 46 35 36 39 25 48 43 36 
31 19 42 36 
50 49 37 40 19 21 48 32 48 41 27 37 47 28 21 46 32 40 18 39 41 32 47 31 19 16 31 45 30 
31 39 19 28 40 35 32 21 31 37 27 46 20 33 50 44 38 27 50 41 32 
36 36 26 32 33 
43 32 54 48 36 45 51 53 31 40 53 49 29 26 48 20 38 40 54 44 24 33 44 52 26 36 
28 48 33 26 50 
30 25 30 52 
38 47 18 45 
28 53 24 49 
42 28 32 23 
53 53 23 53 
40 33 36 44 49 40 39 51 25 42 36 
41 50 44 44 43 46 22 32 26 49 49 43 25 57 45 34 26 21 37 44 26 43 37 25 30 36 36 43 25 24 49 23 33 41 55 37 
35 32 47 52 51 37 26 42 45 25 44 37 18 40 53 30 47 18 44 26 40 27 36 51 28 31 26 
27 18 20 61 37 37 18 26 22 48 43 51 26 42 31 37 30 45 32 27 45 29 37 25 31 24 29 48 20 
49 43 16 24 38 34 45 51 37 32 35 17 53 29 
46 45 38 23 
45 38 34 41 18 31 38 17 26 37 44 27 43 29 
34 34 45 44 47 
49 41 23 40 
42 38 36 40 42 33 40 33 37 32 54 41 34 25 36 
31 36 35 49 27 
52 26 37 52 40 54 28 23 47 19 37 38 46 36 45 33 
27 27 43 31 28 37 49 32 37 48 43 36 19 23 36 37 21 44 20 40 30 29 40 26 24 18 36 32 24 46 24 49 26 49 20 39 35 30 28 39 24 27 33 36 53 29 44 35 37 
37 36 46 38 36 43 45 49 42 18 54 29 17 37 32 24 24 38 
43 43 43 49 56 46 32 28 35 16 27 37 25 46 27 27 56 49 37 37 37 41 37 37 41 25 40 44 42 55 37 51 41 30 28 43 44 41 29 36 20 46 28 36 54 48 24 40 32 33 23 34 49 37 56 29 28 51 21 27 48 46 39 46 53 38 22 49 28 40 36 35 49 59 22 32 41 51 19 48 31 20 47 38 46 38 44 29 29 46 46 27 52 36 36 51 36 36 49 29 45 22 57 43 36 42 34 53 31 55 38 32 34 26 53 36 36 35 30 24 28 43 56 31 39 49 25 52 50 34 53 29 48 46 28 40 52 24 38 43 31 41 25 36 35 52 38 31 38 50 32 51 18 22 37 43 42 31 41 37 21 49 37 38 23 45 28 43 25 38 19 46 25 44 41 51 43 27 42 37 29 54 32 38 31 41 19 43 23 34 47 47 21 44 23 49 36 41 35 33 37 40 39 44 35 51 51 24 15 42 42 38 30 51 37 47 34 32 24 47 44 43 46 19 37 33 37 49 42 33 51 27 37 41 26 31 44 33 51 21 41 31 43 29 37 43 46 26 51 31 24 28 34 48 36 41 41 39 29 47 44 51 40 30 36 48 37 51 54 39 22 54 30 24 43 42 34 36 47 29 23 40 40 34 29 43 37 40 39 28 26 30 57 40 47 24 50 36 46 44 26 56 45 25 34 22 48 21 29 37 50 22 38 41 33 29 54 42 16 26 24 26 31 42 22 37 29 28 19 23 42 44 18 29 27 50 54 47 32 27 21 21 44 16 20 45 57 35 46 53 22 44 47 21 33 31 50 36 48 36 37 18 27 31 54 53 35 54 34 21 37 38 52 28 42 24 50 30 38 32 27 50 40 42 34 19 35 35 24 46 22 29 36 52 40 47 43 29 45 53 36 36 50 34 41 49 54 28 38 29 32 34 26 54 18 40 42 38 21 19 42 35 30 44 40 50 24 38 20 42 25 43 24 21 26 44 29 23 30 21 29 40 24 44 20 19 51 51 25 40 30 35 28 25 43 46 27 20 29 37 51 43 51 29 44 37 50 44 43 50 24 43 40 41 40 37 32 39 42 30 31 30 38 43 35 21 32 23 36 42 33 28 25 44 51 28 49 47 23 39 22 25 48 36 40 30 39 20 47 28 31 48 23 53 42 49 36 31 27 18 22 28 53 43 45 41 17 20 27 29 39 38 26 52 38 49 29 36 45 37 48 40 25 50 40 15 26 36 37 29 25 49 29 33 51 32 28 45 41 43 21 46 25 51 47 48 46 53 40 46 45 49 54 43 42 33 47 30 43 39 33 46 39 39 44 37 37 28 47 39 34 37 29 20 51 40 51 40 26 54 24 59 46 53 29 33 46 34 40 22 37 39 32 34 37 27 42 43 42 39 34 44 34 30 42 37 31 46 37 43 44 20 49 46 36 51 29 41 34 40 47 42 49 46 34 39 52 19 43 34 44 23 37 52 52 53 47 37 41 32 24 29 36 25 25 42 21 56 30 15 36 22 41 38 19 41 24 38 47 42 24 28 46 32 50 59 50 36 45 25 34 35 29 36 28 29 39 32 19 34 40 45 31 35 30 28 56 18 22 37 32 26 19 51 37 23 25 31 49 28 42 40 34 41 21 31 44 36 35 24 32 32 31 50 36 29 31 35 34 29 43 33 30 50 37 33 49 30 27 36 44 30 58 32 41 26 45 48 34 44 43 54 52 53 38 49 52 36 38 51 44 49 20 43 38 23 48 55 31 40 37 29 30 47 32 51 37 29 47 25 42 35 30 24 22 27 45 49 28 28 33 49 33 23 38 52 22 29 46 34 31 41 44 49 48 20 23 42 27 46 27 30 47 19 46 46 30 48 40 46 21 42 41 27 31 36 38 33 37 25 31 36 41 36 43 58 36 46 27 43 37 45 31 55 42 18 37 18 37 31 52 21 43 43 39 19 38 24 50 50 28 35 50 26 26 30 33 20 32 36 40 49 42 19 16 27 47 45 33 28 49 32 24 43 24 38 32 22 24 37 25 43 24 28 36 29 34 25 49 47 29 48 34 37 30 29 37 41 40 28 27 29 40 36 23 47 37 29 33 37 52 40 27 45 30 31 35 37 41 44 34 37 51 24 23 35 45 43 29 39 52 25 28 54 32 48 32 50 36 51 34 22 48 35 34 29 30 17 32 20 26 50 42 54 32 17 36 30 34 39 33 53 40 47 36 45 35 46 41 44 49 46 25 32 41 41 42 20 41 33 21 46 31 47 39 30 26 30 48 38 31 15 32 43 25 21 33 26 31 32 44 35 46 26 38 44 26 43 35 49 50 30 27 40 48 35 51 18 34 54 43 47 46 57 41 32 42 57 40 20 32 48 37 34 49 43 37 25 33 36 38 22 36 34 38 54 37 47 27 32 54 45 33 47 26 27 43 34 50 28 28 28 47 47 38 42 44 35 42 49 31 51 49 20 32 43 39 42 48 36 32 32 29 19 26 54 40 47 44 39 42 40 29 37 32 30 44 46 49 22 45 26 40 53 41 28 48 33 41 41 37 41 19 38 46 30 38 35 19 40 45 42 17 45 22 50 46 18 26 48 40 41 45 43 36 46 42 54 42 42 32 37 44 34 41 42 35 30 40 36 41 33 43 34 44 36 31 24 40 40 37 45 37 32 46 48 43 42 35 40 47 39 36 23 28 28 45 47 47 19 24 41 57 60 52 44 42 34 50 43 54 40 20 22 51 41 29 28 43 23 34 54 40 54 38 44 26 27 20 29 44 47 22 23 19 42 37 45 36 29 49 45 34 51 37 27 26 37 49 23 22 26 35 46 48 34 42 52 35 31 38 17 20 45 37 48 30 37 28 41 47 23 36 28 43 55 38 30 41 21 46 26 21 45 27 25 44 31 52 21 54 54 37 53 23 32 52 49 35 44 42 24 36 38 40 37 31 44 40 17 31 48 52 24 18 40 44 46 31 29 45 25 51 34 22 20 32 42 34 55 25 36 46 37 30 19 51 28 27 42 39 49 28 33 35 16 32 19 46 27 44 27 53 49 30 45 48 30 37 28 31 39 38 34 18 44 28 27 48 35 28 23 31 39 36 42 33 45 43 53 36 33 45 43 45 43 43 32 52 42 26 28 26 49 27 43 40 28 28 44 52 18 49 37 42 30 40 47 46 44 41 27 29 29 23 37 52 33 48 23 34 44 45 46 36 17 17 46 31 21 22 29 49 40 50 31 53 37 49 31 22 48 51 36 18 27 28 31 29 43 30 24 31 47 35 32 44 17 51 41 30 33 47 46 35 34 27 35 36 28 
44 54 37 30 30 29 19 33 23 53 30 42 50 36 47 43 31 30 29 43 34 40 40 39 
38 41 42 44 40 47 33 28 21 44 28 36 31 51 44 40 36 36 28 19 49 58 29 41 
36 23 24 41 36 45 37 43 26 36 27 29 
52 26 34 30 54 27 37 44 17 30 43 49 36 36 35 25 
51 35 33 37 
49 38 34 45 48 
26 61 26 28 
59 35 32 28 37 41 47 48 47 29 50 40 32 40 
56 33 46 46 
52 44 47 40 45 26 26 43 40 57 43 48 45 37 40 48 39 37 29 29 35 39 42 46 54 51 30 38 46 43 26 52 25 29 47 37 51 49 18 
38 37 26 43 22 17 49 45 54 41 29 17 37 30 20 44 18 40 21 52 16 49 54 24 
26 36 21 27 
52 40 45 54 42 
27 28 37 46 22 
33 29 28 27 38 39 49 36 33 25 33 41 44 44 45 33 34 33 42 49 27 27 24 36 22 53 22 48 49 40 25 34 45 46 45 28 52 35 29 34 39 24 32 34 37 46 52 30 48 20 
47 34 28 46 43 33 33 20 26 34 48 48 25 52 31 36 47 40 38 39 28 26 49 41 20 19 49 47 33 27 48 44 55 47 35 54 37 36 48 42 39 38 50 35 26 49 31 41 
46 48 19 29 
59 45 27 51 
46 40 42 28 47 
43 30 44 42 
49 23 25 38 49 44 36 31 36 40 48 41 47 44 50 26 41 17 32 50 21 44 21 39 36 39 41 30 43 36 41 18 35 41 52 36 45 37 55 45 33 38 25 19 47 33 32 49 50 45 50 46 40 46 32 44 32 31 34 46 29 35 32 48 45 49 31 43 18 25 46 50 29 48 51 50 37 35 39 41 30 25 46 31 36 36 26 27 37 43 50 32 31 38 45 36 36 39 47 35 42 37 47 53 31 54 38 34 48 37 41 26 23 37 42 37 38 33 23 36 15 17 44 27 24 51 34 31 47 20 39 26 32 21 31 34 36 20 46 36 19 35 21 47 41 42 36 46 37 44 40 41 34 51 44 48 20 47 34 47 31 17 31 41 30 28 49 36 26 24 42 27 19 33 17 47 34 42 23 35 30 29 37 30 22 38 37 31 59 43 52 44 27 38 51 31 47 32 28 43 45 49 49 49 24 30 28 27 43 34 29 21 46 18 54 32 43 40 18 57 19 27 48 54 48 34 43 27 50 45 46 36 57 25 33 43 32 29 39 47 25 42 51 43 42 49 41 30 18 46 40 38 23 32 34 22 50 50 48 51 52 39 32 37 47 22 33 35 48 36 19 49 32 29 48 43 32 45 18 20 26 47 35 51 52 32 43 36 25 49 19 46 36 50 39 32 45 46 18 58 52 45 33 27 43 21 53 53 40 19 28 54 43 32 52 16 50 29 38 52 49 49 35 30 42 36 49 19 23 35 36 26 20 32 40 34 49 43 42 44 40 30 53 16 42 47 46 27 33 50 38 44 29 21 48 16 29 34 27 19 37 50 37 42 28 32 36 59 40 45 36 57 33 50 49 39 36 35 27 44 45 46 51 20 46 46 28 27 50 30 27 35 21 36 45 22 43 59 47 38 50 39 40 47 47 40 50 36 44 47 48 53 50 35 46 43 40 36 56 31 40 54 57 34 50 36 36 46 44 33 30 35 24 40 23 30 37 24 42 35 34 46 32 40 41 24 28 39 54 37 57 51 44 52 21 23 38 37 50 36 49 35 41 32 19 28 43 29 24 37 42 24 35 55 30 17 27 48 40 49 46 21 49 47 16 26 39 42 26 31 28 31 35 26 28 19 42 28 30 34 39 21 36 34 34 42 20 51 39 22 32 57 40 40 36 38 28 28 32 42 24 49 22 32 33 35 44 31 29 44 42 33 22 29 32 28 31 45 33 27 21 33 35 37 32 51 31 21 23 40 50 19 39 40 59 38 43 31 34 50 46 54 43 31 31 38 43 37 47 36 42 46 32 52 38 35 42 32 37 45 42 41 29 25 43 51 46 18 52 42 27 40 41 41 49 22 24 46 25 29 18 37 31 38 41 42 40 45 30 47 30 34 50 40 44 33 39 54 47 37 25 31 19 48 30 46 49 29 26 48 44 44 45 44 32 30 45 34 43 34 20 43 55 42 59 50 32 29 21 33 28 34 34 38 45 22 31 23 45 45 59 36 15 36 41 16 44 40 33 24 19 54 51 19 49 33 28 27 41 39 36 19 42 50 35 37 47 34 28 45 40 48 46 41 27 34 46 45 32 35 39 33 44 36 59 33 23 21 36 31 42 19 45 30 16 44 41 48 31 47 54 43 30 46 47 52 42 46 50 39 38 25 37 26 30 28 33 19 25 56 40 49 25 35 47 45 20 35 36 54 35 36 40 18 45 26 43 54 35 32 32 43 19 21 52 33 37 37 52 17 45 28 47 45 47 49 36 25 50 32 35 38 42 43 40 32 46 52 36 34 35 42 58 43 51 24 42 43 48 31 21 24 31 44 41 54 23 48 20 39 53 44 21 15 44 31 38 54 40 53 33 37 17 47 48 24 31 33 48 33 42 56 36 54 40 39 45 41 47 23 29 53 42 50 22 36 46 42 16 35 32 27 27 19 40 38 38 27 32 36 40 26 41 51 51 45 61 25 49 38 46 30 38 57 41 22 41 39 41 37 43 41 39 28 49 36 36 50 46 37 43 48 26 43 34 46 39 41 32 44 28 36 49 45 18 42 31 27 47 43 52 51 48 46 35 37 38 25 36 42 25 29 45 35 46 23 53 48 41 35 27 42 41 48 43 21 47 31 38 46 54 51 28 38 35 33 43 31 45 37 42 43 48 43 47 25 46 28 37 38 56 42 27 28 
21 25 27 25 31 30 21 41 37 22 30 42 28 22 
50 43 46 27 39 38 37 28 38 48 
34 33 49 36 37 
25 30 26 41 47 19 32 32 25 25 55 36 36 42 25 21 30 
31 38 44 42 41 33 37 24 28 29 44 42 29 54 19 43 24 43 30 54 42 34 46 40 22 24 32 27 29 24 36 26 32 44 46 23 33 22 36 36 31 58 30 37 34 27 26 28 51 36 30 23 26 36 29 23 39 42 
45 31 41 50 51 46 32 40 38 45 41 
28 33 29 47 35 21 45 53 32 21 49 22 25 25 50 28 33 27 38 28 53 
46 43 45 34 43 59 49 48 19 37 20 39 34 23 29 40 54 38 41 36 43 47 37 45 50 28 32 21 43 36 49 58 37 37 18 54 47 33 28 47 36 20 47 26 28 41 29 41 44 
62 23 38 30 
49 36 37 49 34 48 59 35 51 41 37 58 42 52 45 31 47 45 41 37 36 40 22 50 30 41 38 54 22 47 29 28 49 19 34 43 23 33 48 23 51 40 40 47 38 43 21 40 48 38 43 43 45 30 21 41 28 48 50 45 31 41 44 48 41 39 45 44 49 45 39 37 
39 46 31 36 31 32 47 36 19 35 45 39 38 32 42 24 48 46 
32 21 40 49 22 23 25 38 31 54 20 22 28 46 25 49 41 30 29 27 23 43 59 44 23 58 47 23 27 26 24 28 36 49 44 37 52 31 20 48 30 36 39 28 22 21 40 17 41 38 38 43 43 39 37 46 41 54 40 18 45 32 22 35 51 44 25 37 33 29 45 49 37 25 37 34 33 33 41 42 34 39 36 32 37 28 39 37 23 50 19 42 48 24 40 37 41 30 37 50 31 30 39 27 31 46 18 24 57 30 48 37 44 39 30 30 47 39 49 30 19 30 29 24 31 39 46 44 36 57 48 33 37 44 25 32 45 18 41 27 28 37 38 28 33 50 33 33 26 25 20 37 54 42 29 36 54 25 18 35 45 39 31 23 19 19 21 33 48 48 42 31 25 40 30 25 27 24 37 25 42 31 48 47 48 51 36 59 44 48 32 36 43 30 24 38 25 26 37 24 31 34 53 22 46 52 34 36 56 32 37 31 31 42 39 34 35 29 54 38 42 27 33 36 35 42 
25 18 49 27 42 
34 51 43 21 
22 26 26 49 
48 44 26 53 26 21 45 40 36 19 
32 27 42 46 
25 27 21 36 30 42 50 21 25 44 25 36 36 24 31 33 
46 55 39 46 43 
55 26 41 37 29 31 31 29 34 43 34 43 44 44 28 
40 31 39 40 
25 19 42 45 43 21 23 31 43 30 18 
56 27 63 43 
54 27 28 42 57 36 53 50 44 33 
33 41 22 31 
46 49 
27 46 36 44 
39 42 48 30 30 52 27 17 36 29 25 45 23 35 18 50 29 44 46 27 53 31 47 53 45 21 22 26 28 44 34 53 40 28 33 48 47 44 52 41 35 37 29 42 42 31 46 34 43 28 50 43 23 49 34 31 54 32 40 53 39 21 40 35 50 42 29 50 26 59 42 45 46 38 50 51 36 28 34 35 44 49 27 40 
30 36 44 48 39 32 31 35 49 30 36 37 31 42 35 40 41 37 20 30 28 49 54 24 
21 42 50 23 23 43 42 18 51 33 29 17 33 46 28 49 23 37 22 29 24 44 37 36 30 38 36 32 35 46 42 23 43 22 26 
43 18 31 47 50 37 19 54 43 54 45 37 37 28 38 39 20 35 59 
49 45 28 31 
36 50 38 30 
53 20 32 33 38 46 27 37 45 24 30 43 50 46 33 48 26 
25 16 36 35 41 40 23 28 52 41 46 33 40 29 36 42 43 21 32 37 
49 32 30 37 
59 57 23 37 29 30 18 42 49 46 48 35 41 19 46 28 46 38 39 51 43 57 50 41 37 45 30 30 32 41 49 40 51 29 24 45 36 40 28 32 52 
31 25 49 27 48 44 37 37 50 47 23 47 34 25 51 52 26 43 33 37 49 45 49 38 49 34 44 42 48 26 22 53 30 46 28 51 
35 29 39 43 33 54 37 43 29 37 35 38 44 24 54 57 17 47 
40 27 24 43 40 
30 24 36 33 34 34 46 38 29 19 21 62 
49 44 20 52 48 21 26 19 43 46 36 32 30 42 24 31 45 34 38 52 28 31 49 28 31 32 50 
43 37 52 55 41 20 51 25 43 39 54 41 59 28 
53 49 47 44 48 34 31 48 37 40 36 36 51 30 53 17 21 59 43 
37 19 23 26 49 49 36 35 49 44 53 28 35 31 22 52 38 29 62 35 40 48 32 42 40 30 40 37 42 54 42 43 15 44 31 43 47 42 36 39 18 42 41 58 32 50 54 43 44 45 37 44 40 37 33 28 46 36 33 42 37 38 29 42 53 25 24 50 50 41 52 18 30 48 30 29 29 49 23 44 51 35 48 37 52 49 44 
35 42 41 37 28 36 49 38 30 33 48 35 26 54 
32 47 36 29 21 45 27 32 48 43 
57 53 41 25 19 
51 48 37 35 32 32 46 53 43 31 37 29 19 45 27 25 52 51 44 47 
49 33 46 27 
46 42 28 30 
51 40 44 46 36 26 36 38 47 23 37 30 19 
51 20 42 53 45 
33 40 58 16 32 38 20 54 49 44 45 53 33 26 34 22 26 27 37 25 38 49 41 38 30 46 25 23 46 36 31 53 29 
57 42 41 19 31 28 37 19 34 44 37 50 30 21 36 55 33 58 36 47 26 46 53 32 19 46 37 41 47 30 27 59 18 43 27 23 28 43 46 32 42 38 24 23 35 
45 24 26 18 27 48 44 37 33 29 38 53 47 28 52 43 28 31 41 31 27 30 17 47 37 42 40 28 42 52 36 45 30 33 37 25 49 27 30 23 20 33 36 47 38 37 49 41 41 47 49 25 31 51 40 37 49 16 43 51 22 53 37 38 21 33 54 30 49 20 30 41 36 32 46 34 44 33 29 29 55 23 32 30 31 27 35 43 45 40 57 52 34 48 50 59 49 53 36 45 45 53 35 47 28 51 30 35 44 30 28 41 26 27 23 45 39 22 17 47 50 24 37 52 46 22 64 37 54 30 54 36 50 37 19 36 48 25 25 49 44 36 48 29 23 45 43 51 26 58 25 19 49 44 28 37 41 49 36 46 45 15 25 47 34 37 28 42 40 43 49 30 42 34 48 23 39 43 20 51 38 27 25 43 40 52 44 47 18 24 37 44 37 36 18 42 34 37 52 15 38 16 49 20 36 41 36 30 45 45 52 40 51 35 40 45 54 51 55 33 34 39 25 37 49 27 58 32 45 32 45 51 48 30 37 25 36 52 53 42 50 53 37 38 54 34 28 31 39 47 35 55 46 35 44 56 58 43 37 57 52 40 25 28 53 48 54 37 45 46 28 56 48 45 31 46 34 30 53 24 15 51 53 46 36 50 46 33 33 40 42 25 31 19 37 46 46 32 26 39 42 34 49 32 46 52 31 29 36 53 48 55 40 42 45 29 30 36 49 42 20 35 46 47 29 32 32 36 16 26 51 31 28 39 40 57 45 58 21 40 41 36 30 39 29 46 40 29 59 25 37 41 41 47 46 41 44 42 41 37 51 19 38 45 40 45 43 42 52 51 39 30 37 25 47 46 40 30 26 41 43 47 50 32 57 43 32 59 25 44 47 35 52 44 47 40 17 39 22 33 21 51 35 47 24 32 40 29 20 29 45 51 39 37 18 18 43 38 22 30 43 37 26 46 46 23 46 44 46 30 25 49 29 44 43 49 38 39 30 42 42 38 49 39 49 63 50 54 27 24 31 53 26 32 19 33 29 20 46 18 18 29 42 34 42 15 36 46 27 38 37 41 25 17 46 22 26 28 44 37 37 35 34 26 41 30 56 26 31 19 52 52 41 47 42 48 44 37 31 19 31 32 37 42 56 34 43 19 44 44 37 44 26 46 41 26 36 31 20 53 54 41 32 35 26 41 43 61 45 37 47 30 40 51 43 27 37 35 49 44 42 47 24 31 54 40 47 31 20 40 42 44 30 43 37 46 46 42 39 39 41 20 30 36 43 51 37 21 40 28 48 32 38 43 51 46 35 40 27 31 48 28 31 30 51 37 19 27 40 30 32 39 35 43 29 46 39 30 44 26 37 53 19 32 36 32 39 27 39 47 33 15 53 43 54 34 38 45 49 32 49 30 19 41 53 18 30 48 42 35 34 30 18 40 24 40 31 49 58 46 48 56 30 35 34 50 47 51 33 18 53 51 43 49 28 46 37 36 26 46 33 31 37 48 32 30 19 55 29 46 39 45 30 36 25 48 45 31 44 52 30 52 30 47 18 53 37 30 53 50 33 47 20 26 31 38 42 49 55 45 50 35 55 41 31 19 48 33 51 26 44 36 27 33 31 34 46 38 56 25 53 21 46 26 38 21 36 30 48 47 38 27 44 33 53 47 28 27 40 22 43 52 27 25 40 35 23 39 43 52 23 46 18 21 49 17 32 53 30 33 24 39 41 38 35 49 36 44 26 37 22 16 41 48 58 47 29 43 41 52 40 37 32 36 42 47 44 18 55 31 28 54 56 44 32 51 48 19 52 20 49 44 41 29 29 33 34 48 26 40 26 16 44 40 43 31 61 18 48 50 41 44 37 39 26 49 22 20 24 19 54 37 27 37 50 30 35 19 29 36 43 36 43 35 27 32 41 36 38 44 38 33 27 44 39 36 34 20 27 27 41 38 34 36 49 22 51 47 33 33 38 32 26 45 40 39 37 47 23 32 53 44 35 51 20 36 56 45 54 23 34 19 58 39 52 38 34 46 37 46 45 34 33 45 52 41 47 35 46 27 37 44 46 31 18 32 45 46 36 49 47 37 48 46 34 50 46 27 48 41 46 32 35 35 44 19 53 33 54 25 42 40 37 33 36 44 25 51 28 32 52 51 32 39 36 37 47 41 42 41 37 20 33 53 21 48 25 48 30 31 40 41 36 31 44 46 27 49 46 56 25 44 27 42 50 49 34 31 20 40 36 20 53 30 24 43 24 35 23 32 19 45 41 44 41 53 42 39 37 50 39 27 43 43 24 28 45 42 39 45 41 42 30 40 41 48 48 36 24 35 21 32 33 53 31 24 37 48 29 44 20 47 53 51 36 36 25 33 28 38 36 42 48 30 41 46 30 44 48 49 47 36 24 49 35 26 45 37 37 38 41 41 52 48 48 46 24 41 28 45 36 32 32 50 19 54 35 46 46 46 47 42 21 27 47 18 49 31 45 50 45 41 32 23 51 54 24 52 46 32 37 22 41 17 44 26 48 43 18 37 30 35 27 33 36 35 22 20 30 31 34 34 22 39 51 28 54 51 42 53 41 47 37 31 50 40 37 43 18 35 43 25 49 18 44 37 30 22 43 52 24 42 35 42 38 36 46 39 47 46 29 30 47 38 38 30 33 58 56 21 54 37 41 37 37 50 33 41 20 49 36 45 31 41 32 36 41 36 27 52 31 48 32 54 48 49 33 31 36 49 35 31 36 49 44 51 30 38 37 37 39 37 48 35 31 45 38 21 42 21 27 33 52 31 28 44 47 40 36 41 29 52 26 43 50 39 37 42 33 43 27 26 21 33 46 41 29 52 33 37 32 35 41 39 33 44 59 52 24 44 49 49 42 59 25 25 46 58 47 50 32 22 37 45 50 47 24 37 38 37 21 40 35 36 46 53 29 40 42 58 37 54 43 47 41 40 32 22 28 50 46 44 45 39 23 28 42 49 51 50 43 38 48 37 43 22 44 50 32 48 38 49 52 31 43 53 25 20 41 48 37 52 36 24 28 39 36 36 38 25 26 43 53 35 46 42 39 55 26 39 42 48 36 53 37 41 53 39 29 49 27 51 33 36 37 45 25 26 37 37 21 36 42 41 47 22 46 27 52 40 32 43 27 48 34 30 27 44 36 49 41 47 45 47 33 45 43 33 45 43 26 
57 24 23 37 
33 32 47 22 45 41 49 49 32 37 42 48 
53 36 51 30 42 49 37 32 47 26 44 
54 52 25 56 49 
58 32 51 38 50 52 53 46 30 41 36 26 37 45 40 49 
50 24 46 44 37 28 35 51 44 24 54 53 28 43 52 52 
56 27 35 59 38 44 25 46 38 45 50 46 47 20 59 39 30 33 46 29 44 28 47 51 36 49 51 49 39 33 36 36 42 59 46 36 29 42 52 49 49 31 39 23 41 32 50 47 44 39 44 31 45 52 32 30 44 37 49 35 33 33 32 42 24 52 22 26 39 50 51 36 36 
37 41 26 26 
37 27 51 37 32 27 50 24 46 33 36 24 35 40 24 51 34 26 20 42 48 52 36 46 31 22 40 45 48 23 52 23 26 52 48 48 48 53 49 36 49 31 48 35 32 37 41 25 48 
27 39 41 29 27 21 49 25 26 49 39 23 23 40 23 43 48 35 45 36 54 22 27 36 52 25 46 48 42 43 35 32 40 31 29 21 28 26 46 42 36 27 37 29 25 29 37 26 56 55 39 53 52 25 32 35 22 42 51 31 41 29 49 34 27 25 38 44 29 31 40 48 23 54 22 39 29 54 41 38 51 49 30 34 31 47 31 36 49 23 26 
48 30 45 45 53 35 49 35 45 54 42 44 41 27 37 47 40 24 37 42 48 47 42 51 48 20 43 54 41 40 34 40 52 29 
47 24 58 47 51 33 24 22 23 27 41 38 45 41 38 51 46 51 38 47 20 40 48 37 54 22 34 44 41 31 29 56 54 31 37 29 42 23 43 29 27 54 36 40 43 26 46 46 39 37 51 37 29 38 48 45 47 31 53 30 40 22 47 48 29 51 58 26 33 57 53 40 41 47 40 45 38 32 44 48 47 44 31 42 20 34 59 36 47 34 36 29 32 47 22 41 43 47 49 28 47 36 25 23 27 48 39 36 40 23 36 33 37 49 33 43 40 31 35 48 35 37 31 24 47 41 42 20 49 25 28 27 33 42 23 45 54 22 38 26 30 43 36 47 53 34 38 46 31 30 51 37 34 33 34 34 39 28 45 44 35 41 26 26 35 53 51 37 29 46 49 48 44 35 36 58 32 34 23 22 42 40 21 51 34 30 49 29 40 29 33 39 22 46 46 46 40 52 54 25 30 47 30 44 54 27 48 40 27 33 48 44 45 48 28 41 31 21 20 40 54 47 45 34 50 28 29 48 31 38 46 32 32 33 49 30 51 41 47 45 33 23 30 45 31 51 40 29 47 30 28 50 51 50 50 25 35 33 36 21 26 46 49 22 34 52 36 49 34 44 37 27 47 30 45 36 49 46 44 33 46 40 26 31 22 24 38 37 21 26 48 29 51 59 33 37 41 47 27 47 31 33 42 50 44 43 51 34 35 43 49 25 20 49 41 40 46 22 31 49 31 39 40 24 21 25 33 31 37 26 56 32 46 32 40 41 57 36 38 28 32 29 44 32 34 52 44 45 34 36 44 51 54 43 46 49 22 29 28 38 25 49 36 33 33 47 48 30 38 36 40 35 44 53 30 64 21 53 32 36 45 54 50 29 32 30 27 48 34 42 25 28 41 33 39 35 48 46 52 39 48 30 41 36 38 41 36 46 52 35 46 34 44 54 45 36 38 38 57 44 29 31 31 27 22 37 32 46 27 47 30 47 23 45 44 29 47 37 30 36 54 44 34 20 25 20 43 26 39 33 30 54 35 39 37 34 27 44 53 27 45 48 22 46 31 47 24 39 44 41 36 39 31 36 39 21 49 42 39 46 36 34 30 54 34 42 32 28 53 49 31 25 37 22 26 34 27 49 30 36 33 62 44 45 53 51 35 29 27 46 20 31 45 50 22 48 27 54 30 46 45 44 21 37 24 25 31 40 44 38 49 42 58 36 45 28 44 41 29 46 44 30 42 38 36 21 26 48 41 43 47 30 48 24 37 40 29 51 28 45 32 33 48 42 27 48 26 51 39 42 29 43 46 41 33 39 48 28 32 51 27 42 37 39 26 37 45 48 30 22 32 35 42 23 43 49 49 42 43 48 37 43 27 37 30 49 27 43 36 36 46 42 41 28 28 41 49 41 45 49 56 48 39 41 25 36 47 27 35 28 37 41 41 47 36 45 33 43 53 30 34 45 32 24 48 49 39 45 30 
47 33 42 42 46 51 39 59 26 32 34 47 31 54 
32 59 30 20 33 58 37 43 37 37 24 52 43 22 49 41 41 36 36 47 37 30 29 32 31 45 34 36 42 54 51 45 52 22 48 28 44 40 34 28 36 
50 39 42 47 48 40 51 45 44 46 47 23 44 29 47 47 52 22 25 46 27 57 41 30 44 36 46 46 36 30 47 31 30 36 23 36 54 25 46 27 30 52 
50 38 41 41 27 41 49 40 42 45 47 43 28 52 37 26 
49 31 31 28 33 50 41 53 31 41 36 30 46 36 49 43 38 46 50 30 44 41 30 44 37 47 51 32 28 32 30 46 37 38 45 32 33 41 34 
20 29 48 25 51 34 24 46 38 54 28 
50 49 41 41 48 32 58 46 40 44 31 35 34 50 33 36 32 44 47 44 57 52 41 49 44 39 40 44 26 54 27 26 43 20 53 48 45 30 55 
40 47 26 41 47 
59 54 43 36 63 33 26 48 21 40 54 45 44 53 32 46 47 37 46 
29 37 37 48 20 
37 54 41 40 25 23 36 29 32 31 47 24 37 36 52 37 37 33 38 39 45 49 48 40 
52 51 36 30 
27 43 40 50 
33 44 31 49 28 37 45 35 47 31 36 41 28 44 59 30 35 46 32 58 35 
56 44 51 34 37 49 29 48 48 49 28 46 47 21 24 35 34 26 
58 38 36 44 38 27 31 26 24 53 62 49 27 42 40 
46 24 42 44 37 39 37 30 45 43 36 54 24 
58 28 40 37 40 51 21 23 45 49 50 53 
46 36 23 35 44 49 57 24 25 24 47 27 41 36 
20 29 36 36 
54 35 37 53 54 
56 36 49 35 46 43 46 49 48 44 38 42 56 45 48 48 44 30 30 30 45 43 48 35 34 28 29 26 47 36 30 48 46 41 32 41 30 28 58 46 26 52 41 46 26 
26 27 44 38 27 
56 44 34 28 50 36 28 40 49 36 20 34 30 52 38 58 29 20 42 52 39 31 44 39 31 43 48 44 50 48 47 36 39 36 20 41 
33 40 38 23 27 40 37 43 36 36 20 24 32 28 24 
31 46 31 46 25 42 49 51 44 36 42 
50 50 43 29 
54 58 38 40 37 42 54 38 38 44 27 53 36 27 47 43 43 48 29 51 25 55 45 36 31 26 35 44 35 30 51 47 48 25 33 49 29 47 45 32 45 39 39 49 23 30 38 49 54 35 54 52 54 36 39 36 33 28 52 48 26 27 34 56 30 30 33 32 30 32 28 26 36 49 29 50 28 49 29 50 21 46 54 24 49 54 47 52 53 29 50 36 36 48 26 46 
58 57 31 51 54 
64 37 29 26 
53 24 53 25 51 49 27 47 54 35 46 50 49 
30 45 20 48 31 23 47 46 37 30 
29 51 48 46 
51 28 28 32 38 23 37 37 48 36 39 45 26 50 48 35 45 51 55 55 50 26 39 23 50 31 38 37 20 
49 48 21 50 49 47 37 45 37 47 27 28 37 32 36 34 46 49 32 36 36 37 30 47 34 45 53 27 48 31 28 46 47 37 52 27 25 32 45 31 48 49 46 27 26 31 59 37 31 25 36 48 45 46 37 21 26 53 
34 26 54 30 25 25 31 62 35 34 
53 28 22 23 48 35 27 37 37 39 22 32 25 32 52 23 32 45 45 31 29 38 50 28 47 32 52 33 31 
49 21 34 24 51 47 26 48 30 48 38 35 31 58 30 32 35 38 47 21 35 58 32 36 24 36 48 48 27 28 29 30 29 39 35 34 37 30 47 26 28 46 27 53 46 
31 52 21 28 37 31 33 28 30 26 32 32 37 37 35 33 29 27 30 39 49 54 22 39 29 38 45 36 29 34 23 46 27 28 20 26 33 26 36 52 23 28 28 26 49 31 29 30 32 
28 58 48 56 34 30 24 39 45 31 28 23 52 36 
31 36 46 27 
50 26 37 46 32 32 37 26 32 33 
54 31 52 25 
55 54 46 53 27 20 50 34 53 54 53 46 34 37 45 27 48 27 59 54 39 37 52 29 50 51 26 39 53 46 52 46 35 33 63 52 52 21 50 29 36 36 37 36 37 46 52 45 37 36 56 52 25 49 28 48 27 26 53 31 59 38 45 31 52 57 22 31 53 46 36 38 50 37 52 37 45 37 35 49 48 45 45 30 28 31 36 47 54 25 48 36 28 45 57 36 50 52 27 25 28 47 46 32 32 36 46 46 
53 47 46 32 48 53 45 30 51 54 
58 26 37 25 
55 30 53 31 30 20 25 35 46 48 53 53 57 34 29 30 37 30 26 27 48 30 46 36 27 46 35 35 55 
58 27 45 39 
64 54 47 31 26 30 47 45 27 30 35 22 55 25 46 33 24 30 48 47 47 49 27 27 30 45 49 49 26 30 49 32 48 47 32 36 54 54 37 45 49 53 37 49 53 48 33 21 49 48 35 45 31 28 30 25 46 51 30 20 49 32 32 49 22 49 52 45 46 50 48 20 23 47 28 22 63 52 30 22 45 28 49 28 59 52 37 49 37 
64 29 34 30 36 53 28 52 48 23 59 26 24 53 
52 33 39 31 22 25 30 53 35 27 49 32 25 37 24 51 45 51 29 31 51 28 53 23 46 50 46 22 47 
51 26 55 50 36 34 30 49 60 48 51 
57 26 28 26 31 23 54 31 55 48 47 
32 26 45 28 
60 27 29 29 57 51 30 58 28 56 30 25 25 45 25 34 31 49 45 
56 32 33 47 28 
55 51 27 33 58 49 33 34 31 29 
64 47 31 33 54 33 53 31 28 51 25 46 27 57 28 21 45 54 49 27 25 59 45 21 47 57 28 30 49 27 21 32 56 55 54 56 54 32 23 50 52 34 31 
55 31 24 51 24 54 49 32 45 48 22 25 32 52 51 51 49 30 45 26 
50 33 45 47 
27 30 34 21 25 28 20 32 29 32 47 28 26 53 34 
53 48 28 25 52 27 51 34 58 50 23 27 48 45 48 46 27 22 25 
53 52 53 30 30 46 27 54 51 45 48 49 48 58 33 47 
58 33 48 48 51 53 45 29 31 23 34 52 53 29 31 34 29 24 29 53 52 32 31 
48 29 47 47 33 62 24 52 22 34 24 
46 29 32 25 
26 33 33 30 
50 59 30 47 45 
49 28 47 26 54 48 31 31 32 59 30 32 24 52 32 46 47 21 57 64 25 53 26 23 52 53 53 52 25 32 30 21 45 50 31 25 34 45 33 21 58 51 22 28 45 29 49 47 33 30 47 27 52 48 34 20 46 31 28 29 46 27 33 31 34 49 47 21 48 26 29 51 54 31 30 51 20 47 27 46 21 31 52 48 23 33 24 30 30 48 53 30 48 32 32 46 45 25 23 50 30 47 51 50 48 56 50 28 24 50 47 31 33 46 27 52 32 25 56 49 30 33 54 54 48 48 51 48 20 48 46 51 24 26 51 53 26 45 32 30 45 34 27 32 47 27 26 31 33 45 49 31 49 30 28 46 46 34 28 29 27 28 53 33 49 23 23 20 22 48 47 26 30 32 22 54 32 47 26 47 20 51 29 49 28 30 49 27 47 51 34 32 48 31 26 28 27 27 53 30 51 24 31 26 52 33 48 25 48 29 30 25 24 34 45 50 27 33 51 34 26 47 27 22 46 27 53 50 34 30 24 26 29 31 54 48 26 32 46 33 49 47 30 30 23 32 31 52 25 31 33 32 34 34 34 33 20 31 53 22 34 31 59 28 28 50 34 31 54 25 33 53 31 54 53 24 32 29 54 24 50 27 31 33 53 27 26 25 30 29 30 22 52 31 34 32 51 21 33 25 27 32 32 34 59 26 34 32 25 33 27 30 30 24 33 25 33 53 54 30 34 32 26 30 53 34 22 34 52 31 33 51 58 27 26 23 28 34 51 53 33 28 54 29 25 25 28 31 33 22 33 26 31 28 51 31 34 53 21 32 25 50 51 34 29 25 32 30 29 50 21 25 26 21 33 25 59 32 21 23 28 21 32 57 53 25 28 34 53 20 30 31 24 31 50 28 54 27 29 50 26 30 26 58 29 31 56 26 55 34 25 51 51 31 30 21 31 27 24 27 25 22 52 29 24 21 26 27 27 22 53 31 52 34 28 25 31 22 
55 52 22 23 33 32 30 26 52 32 31 23 22 25 54 53 20 50 26 24 23 50 26 32 21 33 30 33 31 53 25 21 31 52 33 33 23 53 27 33 50 29 31 55 27 23 
50 34 25 53 
57 53 26 56 29 54 23 23 30 29 30 51 27 32 28 32 51 32 34 53 21 53 58 32 34 33 51 61 52 34 33 30 32 
59 31 24 54 33 
54 22 30 28 
52 33 30 33 32 33 31 55 50 51 31 52 50 52 31 52 26 
56 26 29 30 51 50 54 51 33 53 33 31 52 54 26 
63 27 50 32 55 33 30 54 28 33 32 29 52 54 
50 59 25 34 27 59 33 50 50 50 32 30 52 53 32 59 
56 33 30 54 34 30 28 29 53 32 55 52 51 34 31 51 31 27 29 51 29 26 59 31 28 59 30 56 31 50 
52 53 30 52 34 
57 26 54 54 54 32 34 34 27 26 31 25 29 
57 29 52 29 31 28 50 32 29 51 25 32 50 29 50 50 28 53 32 33 52 54 26 31 54 51 58 52 32 34 26 32 31 57 34 30 30 27 27 26 32 
60 54 27 29 28 31 50 51 25 50 32 53 29 31 27 51 51 50 52 59 52 51 
55 50 27 51 
58 51 54 28 50 29 53 52 51 27 29 27 57 29 62 58 54 52 
58 50 50 52 25 55 54 26 54 50 
51 52 52 28 52 58 29 53 25 54 54 54 53 55 25 28 53 54 25 52 50 29 53 58 52 54 54 28 29 52 54 52 27 28 55 50 26 51 25 50 53 51 54 51 52 51 
55 53 50 53 
56 53 51 54 50 57 57 52 57 50 59 52 57 57 53 50 56 52 53 58 53 51 56 51 51 52 50 54 50 52 51 54 51 54 50 53 58 52 57 55 51 54 50 53 50 56 58 56 51 59 51 57 53 53 53 51 53 54 59 64 54 51 50 53 51 53 58 50 55 58 54 51 52 50 60 59 59 51 50 
57 52 51 51 52 61 50 54 57 51 59 52 53 50 52 51 50 59 56 59 54 51 57 52 59 54 53 52 52 50 50 53 53 54 56 54 50 54 50 50 50 50 53 51 52 53 54 54 55 
57 51 53 51 50 51 50 54 51 52 59 58 51 52 53 56 53 53 58 54 50 55 54 54 
51 53 53 50 51 51 51 52 51 52 54 52 54 58 54 52 61 51 51 54 
57 53 54 51 
58 50 59 52 52 
64 58 52 55 53 52 51 51 53 52 56 52 51 50 51 52 52 55 53 54 53 54 54 51 51 56 56 54 53 52 52 53 52 50 52 
55 51 50 50 50 
59 53 52 52 62 52 54 53 52 51 50 
59 53 52 56 56 51 52 51 50 51 54 54 56 53 50 53 62 
60 56 59 51 53 57 50 54 56 51 64 57 57 57 52 52 54 53 52 53 51 53 54 
54 51 51 50 52 51 52 51 50 50 51 57 51 54 52 51 50 53 52 58 52 53 50 56 50 54 51 51 52 50 62 58 51 52 51 54 52 50 51 53 59 54 50 51 57 53 50 52 54 50 54 53 54 52 52 54 53 54 51 52 52 53 54 53 58 53 50 51 52 54 50 50 50 50 52 53 53 53 50 50 58 51 53 57 50 57 59 53 54 51 50 51 54 50 50 52 55 50 51 57 50 53 54 53 50 53 54 53 53 52 50 52 51 54 50 58 55 57 56 58 58 58 55 56 58 59 56 55 59 55 55 56 60 56 58 59 57 59 59 59 57 56 57 59 55 59 59 56 55 57 58 57 57 59 58 59 55 58 59 60 55 58 59 59 63 56 55 59 58 57 55 56 58 55 58 55 57 58 56 58 57 55 57 58 57 56 62 59 58 57 58 56 55 57 58 55 56 55 55 61 55 58 57 59 59 57 56 56 58 57 55 57 59 57 59 57 57 59 56 55 56 58 55 58 55 56 57 57 63 56 61 64 56 64 59 56 62 57 56 63 58 56 59 58 57 55 57 60 58 55 56 56 57 56 56 55 57 60 59 58 60 59 56 58 55 55 59 55 57 59 57 57 61 59 56 57 58 55 55 57 62 58 58 55 57 58 59 57 64 58 59 56 55 57 55 57 56 58 58 55 59 57 58 57 57 57 59 58 59 57 57 
59 55 57 56 58 55 58 55 56 59 58 62 61 56 62 
69 61 57 59 64 56 64 57 64 56 61 
62 56 57 59 
60 56 55 57 56 57 58 57 56 58 
58 55 57 55 58 58 58 55 64 58 58 64 55 
62 59 56 57 59 63 58 57 58 57 55 56 
62 56 59 59 55 58 59 58 57 59 58 60 58 59 58 59 59 58 55 58 58 59 59 55 55 57 57 56 
55 56 56 55 55 60 62 55 55 59 56 58 57 59 55 63 58 55 56 59 57 58 55 58 63 55 57 55 56 58 58 58 57 57 55 59 57 56 57 58 59 58 55 64 58 57 56 59 56 56 59 64 56 61 55 56 56 57 59 59 56 55 56 61 57 55 57 
63 58 57 55 59 
63 55 65 55 56 59 56 55 59 58 58 56 57 57 55 57 59 55 59 55 59 59 56 56 59 59 55 57 57 57 57 57 61 57 59 56 55 59 57 59 57 55 55 57 59 56 58 56 57 
61 57 57 56 63 61 59 59 55 59 
60 56 59 56 57 
56 58 62 60 58 57 56 59 55 57 62 55 57 
56 59 58 55 56 57 60 55 58 59 61 58 55 58 55 55 64 63 63 63 62 63 64 63 63 61 60 63 64 64 64 62 61 62 63 60 
61 60 64 66 60 
63 60 61 63 61 62 61 61 60 63 60 63 64 60 63 67 67 
65 65 66 66 67 67 68 68 69 69 
