52 29 50 59 27 
29 
62 30 
57 
47 22 
28 
71 17 
39 37 37 
64 16 57 64 
68 32 
68 
52 50 
66 55 5 
44 14 1 40 
68 
57 26 45 29 34 
55 28 2 48 36 
60 
34 
36 37 29 14 
31 9 29 0 34 
42 42 
42 42 47 
62 13 
71 
68 67 2 
28 30 26 
30 3 
50 
48 
53 25 
42 
72 34 
50 46 26 
49 0 23 
37 1 10 39 
58 
42 41 13 
31 8 32 37 
32 33 4 21 34 
25 29 
63 59 
50 52 53 2 10 
66 25 
43 9 8 51 
29 26 
74 26 
55 10 29 
46 11 
59 
72 14 
43 10 41 
53 25 
59 9 55 16 2 
24 23 
43 41 
26 
57 55 
66 63 
64 
44 50 
71 66 
39 29 1 30 9 
72 
38 
21 
63 62 34 
32 26 
22 
66 8 
66 
32 
65 
48 17 10 22 
59 37 
44 42 49 
36 5 39 37 
53 4 53 
34 30 
54 26 
51 53 2 
24 58 
32 53 4 
39 
69 10 
25 26 
59 16 56 
48 10 20 
36 11 4 50 
41 32 43 14 0 
57 57 59 
44 24 11 
37 
63 
54 56 
70 36 
50 24 52 51 
32 6 
58 62 
62 22 
62 25 
37 32 18 7 
27 
67 
55 8 
54 
63 36 
18 
55 59 
71 47 
47 
65 66 
68 65 
54 17 53 64 48 
64 8 
58 15 25 
30 3 9 
68 
69 64 
33 
67 16 
68 
63 
53 29 
59 11 56 12 55 
42 49 16 40 
50 1 
69 29 
44 30 16 42 
73 
35 0 39 
62 64 
41 29 
36 58 9 
48 12 
44 14 15 
39 32 
41 
38 
49 15 26 
30 6 5 
53 45 54 7 27 
24 
61 53 
24 22 
73 
44 
33 31 31 
48 75 23 28 
24 
26 
70 
32 30 30 
55 
30 4 4 0 
21 
57 58 45 
50 50 44 6 
63 60 
70 13 
48 17 30 
55 56 
33 
53 
41 43 
24 
36 3 12 37 
52 28 47 57 
41 7 17 41 7 
64 4 65 61 
61 2 
42 27 37 6 
49 21 
51 54 32 
29 
52 64 
39 28 3 12 
26 24 
48 22 13 
30 5 33 
48 
42 45 42 1 
37 
51 17 
47 15 
37 
35 3 
46 46 
30 1 30 26 
48 39 18 
58 29 
45 23 21 40 36 
54 
27 
55 
52 29 
28 
53 50 
30 1 33 
56 29 
33 8 2 0 
24 
43 
31 
23 24 
60 26 37 
57 26 
68 65 
52 
70 3 
60 25 
42 41 22 43 
36 33 
47 24 
56 
68 
67 
34 51 36 25 41 
39 
42 30 
25 27 65 26 
43 10 9 
71 21 
33 32 32 
50 41 12 54 
54 0 14 
18 
33 33 
44 44 3 13 2 
41 79 15 45 
69 
73 
63 45 
46 
33 22 
69 9 
58 13 
57 56 
46 15 10 45 10 
58 60 3 
49 54 21 24 
41 
43 41 16 6 
28 
52 16 
64 15 
54 31 17 20 
47 36 
28 
60 23 
50 
39 7 37 4 
54 3 
52 28 68 
33 
54 11 
58 
54 46 8 
74 
36 9 
49 46 24 24 14 
26 53 
48 49 
39 12 39 5 
53 5 
47 19 49 
68 44 
57 29 21 22 
50 47 50 
54 16 15 
32 36 31 34 
62 63 
62 
22 13 52 
40 
64 
55 28 
68 54 
20 
69 25 
32 5 
69 35 
55 
18 
58 
36 32 37 33 
40 5 
19 
56 15 8 
32 27 
52 17 32 
48 
56 
60 
51 20 
46 
55 55 3 
73 
49 14 50 
62 30 
37 39 9 0 31 
61 58 
48 40 7 18 17 
71 
43 23 
21 24 
37 
53 53 50 20 17 
52 24 
46 48 
39 
58 
71 44 
63 39 
50 48 12 
64 
70 50 69 
69 
49 11 
74 31 
45 12 44 28 57 
30 28 8 
48 69 30 79 
31 30 31 
28 
43 
37 10 
31 39 
64 31 16 
54 
34 
67 
38 
34 30 
70 
54 
40 
34 
74 71 
51 
39 25 10 12 
38 32 30 39 
48 48 36 17 15 
26 
44 
40 
53 13 
69 
69 
45 10 
73 36 
51 
40 11 11 0 
46 12 12 10 25 
50 
45 17 
31 
52 46 14 
55 55 58 
58 16 
66 
40 4 17 
46 10 28 
38 11 16 12 
48 23 
44 0 6 36 
51 19 
53 
61 
57 27 56 
34 3 
39 7 4 14 18 
58 56 
49 18 10 8 31 
31 27 5 77 
31 31 14 
45 
30 27 
42 19 19 65 
61 31 
45 47 21 40 
53 53 13 3 51 
47 15 47 10 49 
43 4 42 
69 37 
46 
69 
58 57 21 
42 12 
57 56 
48 42 20 14 
30 0 32 
54 52 34 51 
30 28 7 27 
72 
64 4 
31 
18 
34 1 26 43 17 
48 39 15 
33 
66 3 68 
57 50 
65 55 32 
34 64 4 37 
59 24 
40 
66 
47 15 
49 6 47 
69 55 6 
54 19 17 39 
31 
55 64 
68 35 
35 4 2 37 
19 
37 0 9 2 
29 
66 
40 
51 54 59 
42 
47 22 8 21 
43 38 43 14 
52 77 27 24 29 
54 
56 17 53 53 
60 57 63 58 
43 31 
63 36 
57 64 5 29 
49 48 48 48 
51 64 
49 
37 
67 
56 57 57 45 
58 24 
29 26 
48 
54 63 60 50 
65 4 
34 
34 2 5 25 
61 
48 
66 
59 31 0 
59 
57 1 
30 
42 12 1 10 
55 50 
51 14 54 55 
27 
45 36 
46 5 49 
26 
72 
37 6 36 
57 22 
74 6 
65 66 
63 2 
64 62 24 
59 46 
69 
57 61 
32 
60 69 
36 35 
51 50 
73 
65 
64 9 42 33 
30 13 
31 
56 58 
54 23 48 23 
36 6 39 14 
36 35 3 9 
43 4 10 2 11 
30 
36 31 26 
73 43 
58 1 
66 
28 31 
70 
56 50 59 
67 43 
51 53 50 34 50 
37 7 5 0 
54 
58 33 
35 
68 68 
36 
47 15 15 
62 63 
66 
31 
39 
37 37 39 
32 
61 31 62 
44 49 9 30 14 
32 0 7 
56 
33 
39 
33 
47 46 45 
47 45 41 
31 29 
54 12 
25 
64 
59 
37 34 0 36 
30 40 30 
64 33 
50 63 
39 
64 36 
45 21 
48 47 
46 15 
31 5 
67 0 
31 14 
48 27 48 
19 
68 67 
42 16 40 12 29 
36 36 36 0 37 
57 25 60 
30 34 13 
34 
70 70 
49 35 36 13 1 
36 8 31 5 
67 
57 31 2 24 52 
55 
66 
44 15 16 14 3 
47 47 23 2 16 
42 37 
20 22 
56 34 29 
36 
36 
49 19 
71 25 
72 
34 
39 60 
28 26 23 26 
68 
46 
70 17 
33 9 50 
20 22 41 57 27 
68 
37 16 37 
53 
25 27 
41 
66 59 
38 35 37 5 
32 1 60 34 
38 
54 25 50 15 
39 37 13 
58 26 
50 18 54 
61 39 
30 34 
48 
56 18 
31 
70 
51 64 10 
62 67 
36 5 39 
30 33 
64 24 
34 11 7 15 
44 15 13 5 
55 
36 
59 1 
38 14 32 
24 31 
27 
64 25 62 
63 42 
21 
38 
58 5 5 
56 
54 16 
49 49 10 13 23 
44 
52 
73 28 
24 
51 2 
50 53 
54 2 
22 17 26 22 3 
36 10 39 
65 
25 17 
67 
39 
53 15 17 
69 71 68 
42 0 11 
74 25 
46 32 53 19 
68 37 
51 28 50 40 
50 3 11 
61 64 
41 
41 
71 
53 13 
53 27 20 4 
67 36 
72 36 
66 66 
36 34 39 39 
62 
69 13 
55 
33 
54 25 
42 
36 
45 
54 3 
50 26 0 32 
39 
65 9 
29 58 
60 64 
73 
50 28 50 29 
62 54 
62 35 
54 
49 46 5 43 
61 1 
52 53 
22 
61 50 
54 
50 24 51 
27 62 26 
24 
43 
38 8 15 17 
36 77 
42 20 
44 
18 
60 34 
74 14 
60 62 
22 
57 14 
36 36 32 
66 16 
55 
39 
60 25 
41 
54 52 18 
65 65 70 
64 60 
55 17 3 
26 4 25 23 
57 
59 2 
18 
49 44 53 27 
57 32 20 15 
46 49 1 
18 
52 1 50 12 
41 44 
49 37 30 17 14 
55 55 
49 
34 31 32 9 12 
19 
40 31 41 42 23 
60 4 33 
23 
59 53 
54 61 4 21 
29 
42 61 4 19 10 
64 
28 
53 26 55 54 11 
31 31 30 
74 
57 4 
64 57 22 
73 
55 29 
25 
52 28 29 
74 0 
43 
51 45 13 
18 
40 
41 36 22 40 40 
67 14 
55 39 
50 59 
51 
23 
44 14 4 44 
49 25 25 
74 32 
49 
67 
23 
73 
50 16 
31 9 32 32 
71 70 
43 
48 
57 13 
44 
34 32 9 37 
68 
52 
50 39 50 45 
51 26 
25 51 
55 
22 
63 6 
34 
56 55 26 
43 
54 15 57 
51 53 55 29 
30 
31 26 
53 
36 9 
70 5 
35 
63 63 
19 
46 26 13 29 46 
51 
67 
49 13 21 13 
57 3 
56 55 52 1 
27 
42 46 12 
57 54 
31 39 34 
18 
44 43 44 42 
40 19 10 
34 34 32 31 12 
71 79 
71 
32 
42 14 12 38 
27 28 26 
53 23 58 
56 50 
24 8 
66 46 
56 30 
67 71 54 
48 20 13 
20 
62 65 0 
36 5 39 33 
68 54 
49 28 9 11 2 
48 6 47 16 
25 8 29 79 50 
28 34 29 
21 
72 67 
33 9 
28 
48 11 29 9 23 
38 39 35 40 4 
55 25 
36 32 
48 
27 22 25 28 
73 
34 34 
39 15 
68 
50 
36 
24 
49 21 17 
55 39 58 
73 71 
29 
66 68 
72 5 
55 
18 
40 40 23 
47 5 
44 43 10 11 18 
37 5 
48 20 
49 17 54 43 37 
48 17 14 
56 10 
47 15 17 23 
30 
54 29 52 3 
58 55 30 13 
58 19 26 55 
61 
47 
48 
45 3 10 15 9 
69 74 
55 17 
60 63 
54 
36 
74 
30 13 41 1 
18 
27 
19 
35 7 4 
41 49 
74 
65 56 
37 2 
46 56 46 14 
50 27 16 
68 8 11 
21 41 
29 26 
50 50 
59 
28 32 3 21 
25 26 
29 
47 10 15 24 
34 78 34 
60 3 
43 
62 33 
41 4 26 
52 0 14 
50 49 
63 63 
51 50 16 52 
69 68 
48 20 46 
62 
44 29 
31 30 20 
51 12 
51 
74 
50 41 53 18 56 
49 
39 36 54 25 37 
36 34 10 8 
62 78 
40 
39 12 
33 
41 26 26 26 
48 
30 5 
52 53 
71 73 
70 51 
59 38 
58 36 55 
57 17 
46 
46 
25 23 29 
32 32 
25 
58 2 45 58 
46 13 47 49 
19 
46 45 37 
20 
57 
59 
68 27 
71 9 
24 
72 9 
59 6 
42 22 27 15 6 
36 9 8 
58 19 
63 39 
61 
24 
41 41 5 40 18 
67 
46 35 14 7 
40 3 36 13 
63 60 28 
41 30 9 
52 42 10 
59 59 62 
21 
53 28 
54 
57 46 28 
20 
21 49 11 
33 16 
18 
35 42 
46 15 21 
50 52 23 57 
60 
31 
56 
67 
40 45 26 10 
57 
53 1 19 57 
35 2 47 27 13 
51 24 
67 66 
24 
25 6 4 26 51 
31 38 31 32 
64 
28 
18 
52 18 29 14 
51 56 33 53 48 
40 
63 63 
67 32 
33 32 
61 
34 25 
23 22 
59 
45 16 20 
64 64 34 
49 21 1 47 
50 12 
58 
72 31 
19 
58 57 77 
39 
52 54 29 
52 11 
26 30 
72 
57 25 57 
35 9 35 39 10 
55 24 
54 
52 
18 
63 
40 17 6 16 
60 17 
31 8 7 
67 
32 4 8 36 
64 
18 
66 
50 
36 
23 47 
33 
43 
47 46 44 
25 4 
40 25 
40 42 42 
25 26 28 7 
40 40 1 18 11 
27 
32 14 33 33 27 
54 23 18 
24 
54 
66 
47 16 49 
71 74 
72 42 
35 27 3 36 
74 
62 63 61 5 65 
50 
22 
41 44 
36 
61 26 
65 
54 10 
38 
41 
51 26 
42 40 32 17 31 
60 5 
29 22 2 34 
41 40 11 18 
72 32 
34 6 
37 10 
57 62 70 27 39 
69 9 
30 35 
50 46 27 52 
29 22 33 29 5 
39 
46 47 27 20 
52 27 16 
34 32 42 
40 40 42 11 15 
36 37 
27 28 25 
56 64 36 
55 
60 
46 16 16 30 
34 
53 
27 26 32 
49 14 3 26 
64 
74 66 
28 
62 
61 59 
40 43 
28 29 6 28 7 
63 34 
54 39 3 76 
19 
49 46 11 46 
25 
61 13 
28 3 6 28 
32 
45 48 
57 8 
45 10 
57 25 30 
34 10 
44 17 14 0 
42 11 
61 9 
55 
71 
25 27 6 33 
32 7 34 37 
62 0 28 
27 34 0 4 
53 21 50 
44 46 8 14 
52 11 28 16 
60 8 6 59 
58 
65 
24 21 
45 18 2 45 3 
30 
48 9 30 45 
44 12 60 3 
54 15 52 
26 4 
46 21 37 
58 22 
53 37 18 50 
48 
59 7 8 
51 14 55 20 
32 32 8 35 
29 
24 53 
32 14 57 44 
37 
24 
56 25 13 2 
36 37 
38 
54 25 16 
27 24 33 
18 
61 
62 17 60 61 
51 11 30 
50 1 23 
57 57 
31 
29 
25 0 
52 51 
72 
27 
50 14 
54 30 
50 0 
50 
32 
26 25 28 52 
45 22 6 
59 30 
40 18 
69 65 
46 
31 29 8 
26 26 25 3 28 
28 20 28 
42 3 48 41 
67 
39 6 30 25 
63 6 
45 
40 16 15 40 
52 53 
25 5 
61 63 
36 6 8 33 
22 
37 13 4 
51 36 15 
44 11 12 13 
29 
69 
60 
19 
43 
53 4 30 
48 54 
68 59 
20 
30 38 30 
26 30 
61 55 
18 
19 
74 
44 
60 62 
42 42 5 49 40 
59 57 9 
39 1 43 32 
45 32 14 16 17 
39 48 
50 
32 
47 20 
34 
38 63 
37 36 
27 30 
54 53 
71 62 
31 
33 5 
67 69 
60 9 
65 29 
72 
46 37 46 8 
46 23 32 36 
56 55 
41 9 7 33 
68 34 
51 19 
70 2 
53 56 
55 56 26 
25 27 
65 41 
41 37 8 16 
70 
28 
33 33 4 
74 10 
66 69 28 
31 
67 
63 11 
63 
21 
34 5 
40 42 7 
32 4 33 
45 9 12 49 
48 49 31 17 50 
31 
60 0 
48 47 49 
26 24 19 53 
42 41 
49 
63 4 
54 14 
53 
51 53 54 16 
66 36 
55 46 31 58 
43 10 36 36 4 
45 43 15 
51 25 12 16 53 
64 62 
19 28 
42 40 3 16 
64 2 
55 4 21 
32 8 43 34 
27 21 26 
61 
19 
53 55 32 59 
41 8 5 45 
37 36 10 1 
72 42 
67 22 
68 
74 
60 46 
36 1 
55 
56 57 
51 15 17 
32 4 
50 17 
65 46 44 
52 18 24 53 
32 6 28 
62 
51 17 44 9 
40 35 
59 
40 18 41 
68 
49 46 16 34 
56 59 19 31 
22 21 
37 
64 1 
47 
68 67 68 
62 
43 
55 29 
67 36 
64 13 56 61 
48 11 21 
39 9 
65 27 34 
21 
49 14 16 
67 36 
39 
30 25 32 
65 40 
73 40 
70 
28 
37 8 
35 
48 46 12 24 
29 30 
70 
41 
50 31 
36 
35 11 48 
32 1 
56 59 21 10 
20 
38 
48 
43 40 42 8 
36 58 
41 
39 8 36 3 
29 25 
64 61 50 
74 70 
29 
31 3 
56 
55 36 21 25 
25 48 17 29 
44 48 39 41 8 
63 63 
63 67 37 
35 
64 
32 
26 
48 48 50 9 
51 25 
31 34 
47 35 
37 36 
22 47 
53 
34 0 12 
38 
45 47 72 
28 
65 29 
37 39 12 42 
62 
29 3 55 25 28 
25 25 11 51 20 
45 26 
33 
18 
46 
55 55 15 44 
58 32 
45 8 13 5 
62 
51 
57 3 6 
64 29 71 
30 32 
39 34 35 53 
43 16 
71 48 
72 
43 41 43 47 43 
52 51 31 58 
35 17 30 6 
53 2 
52 47 
46 7 
49 37 10 46 15 
54 20 50 
42 11 15 46 
24 24 21 
40 
71 
21 
35 
24 22 
52 
45 28 
56 23 56 29 
66 72 
50 
64 0 
37 32 69 28 43 
36 26 32 37 
59 
34 
55 58 
39 
52 54 
72 12 
65 70 
38 
57 
59 32 27 50 29 
49 
70 
46 
29 23 
56 27 
54 22 10 10 
59 
49 27 6 51 
52 21 4 17 
36 7 57 
59 23 
66 
42 43 36 26 
33 3 
51 
57 56 50 
50 
51 54 
44 10 31 22 13 
41 1 41 37 
32 
73 
72 43 
56 1 7 58 
73 
55 56 
28 
49 39 49 48 
62 
67 37 
49 
55 59 
52 
31 33 30 
74 
21 
25 31 
39 9 
72 71 
31 31 36 33 3 
22 15 
18 
68 39 78 
47 46 19 51 
58 51 27 31 
55 
64 
56 57 
28 33 
49 
34 33 
66 69 42 
45 46 13 12 54 
45 23 
28 34 
51 30 
39 
49 13 
64 
40 
45 
58 66 
33 
48 6 41 46 13 
65 65 64 
40 61 21 39 
29 
18 
34 35 
57 59 
69 21 7 
50 9 
50 13 25 
59 57 
73 39 
57 
66 56 
35 36 30 5 3 
51 53 
51 10 47 
62 39 
32 36 33 7 
63 
39 0 2 2 
28 48 
60 27 
47 22 25 46 
30 
63 34 
56 
61 32 39 
64 63 
52 7 
71 71 
58 43 
65 68 
33 
47 
62 59 1 
29 28 
60 57 
57 
58 
53 
30 30 
42 10 42 
37 10 10 10 
42 5 
53 10 19 48 
30 12 
65 10 
67 
51 52 21 22 46 
22 
52 0 16 52 12 
57 22 59 30 
42 11 35 40 
48 46 49 71 49 
65 37 
53 46 26 29 
55 
61 
23 
45 
48 47 5 4 
51 25 15 
54 52 
32 33 8 
36 36 36 19 
36 39 26 13 
58 7 
48 30 25 8 16 
32 2 30 
25 6 48 
60 57 
25 25 1 
58 
33 24 
45 5 22 15 
25 29 
45 49 
49 28 18 23 
67 
31 55 31 3 
64 62 
43 11 
55 22 28 7 
63 
68 68 
58 57 8 56 
56 5 
41 
72 68 
45 17 
65 
60 
19 
50 1 30 
65 
43 77 9 6 
34 30 
53 
50 
60 60 
49 
58 14 
62 
33 
35 10 
37 13 
69 68 
49 
45 11 47 43 20 
47 11 45 13 
46 41 47 24 
36 
48 27 
35 36 10 
37 31 0 42 
66 
43 5 11 
66 10 
44 37 14 6 
39 2 32 
51 24 12 52 
58 33 
63 25 3 
39 7 5 
54 
32 3 
36 39 36 43 
62 
69 69 
53 
32 30 34 
42 
46 23 45 
31 
19 
54 
50 50 32 52 
32 
56 39 
48 40 46 19 
18 
55 
34 
53 50 16 
28 36 45 
44 15 
74 30 
26 
28 
35 
48 17 
48 45 
43 16 2 8 
35 
53 53 6 13 1 
53 
66 38 44 
69 28 
52 29 30 
51 
55 36 59 
37 
34 
41 41 7 
37 11 9 36 5 
40 14 
40 
49 4 47 15 0 
28 32 4 4 29 
31 6 
47 15 53 
31 36 
62 14 
33 33 
42 43 16 14 42 
34 34 
50 24 
38 
57 
40 
35 
63 23 34 63 
69 58 65 
64 
36 37 39 34 
37 1 37 
40 36 7 
58 
32 18 39 24 6 
48 37 
33 
48 17 50 5 
50 
50 
30 9 33 
29 
25 
51 6 
54 
51 
70 37 
37 12 0 
20 
36 4 
34 3 9 59 
58 50 
20 45 22 
30 34 32 2 8 
70 66 
46 10 45 11 
42 
43 15 
59 56 
48 43 44 1 
46 13 
65 0 69 41 69 
42 15 9 
33 
36 30 44 6 5 
62 3 55 
66 69 
19 
42 6 12 
70 
33 20 33 0 34 
37 
45 13 
19 15 
42 
60 21 
19 
72 
32 10 2 
58 57 7 
45 49 42 
36 37 
33 31 4 32 
60 36 
21 
36 
18 
74 
39 
42 
60 39 
69 12 
63 61 
24 24 
59 1 1 
21 20 45 79 
34 3 31 6 
36 30 12 12 
29 27 33 
18 
27 64 
67 
49 45 
35 
24 
72 53 
59 
22 4 24 
32 
50 
53 9 3 54 
54 23 52 51 45 
51 0 51 50 
65 
59 12 32 
59 
47 49 
64 62 
63 
42 21 43 43 41 
68 14 
40 16 
66 
58 27 22 
44 7 23 40 
51 
37 2 34 16 
49 13 20 22 
28 61 
31 14 5 1 
65 6 
53 15 33 51 52 
42 
37 
71 40 
36 
45 49 32 49 
68 
44 7 11 51 
27 
54 
32 
71 
19 
19 
59 13 
58 
46 22 45 
59 49 26 
20 42 
39 36 
42 3 10 44 
29 
32 
56 28 
37 32 9 36 
49 74 17 48 
50 
31 4 16 12 31 
33 1 34 
47 7 52 10 
67 44 34 
36 8 28 
64 61 56 
50 52 29 
61 26 
25 34 2 
66 
49 47 45 
32 
61 64 
58 
58 59 
69 8 30 
41 40 
47 47 48 
74 
73 70 
43 31 
39 17 
39 32 32 39 
65 27 
18 
63 37 
21 
58 58 
63 26 31 
69 29 
64 69 
31 33 
48 14 
50 50 
29 6 14 
73 78 
72 6 
25 
59 19 
42 16 49 
52 19 
46 48 
47 7 70 
27 25 29 
70 14 
25 
51 9 28 
39 
65 67 
34 
39 39 27 38 36 
41 
55 43 
48 3 45 7 7 
74 71 
40 41 42 25 
32 26 0 2 
62 58 2 
63 11 
60 16 61 
28 
46 2 24 16 
39 7 31 35 14 
33 30 3 33 
54 
33 30 
52 53 53 52 52 
27 
48 31 13 
62 32 
70 23 
72 
37 2 35 
70 
60 28 
18 
43 
72 
68 
68 1 
57 34 
33 44 8 70 
52 57 45 
55 44 0 
28 
43 41 48 16 
48 12 44 43 
36 12 14 54 
55 59 13 
57 
43 10 40 18 
67 71 
34 8 
39 51 35 12 
72 
19 
53 40 61 26 
67 
41 15 13 5 
49 22 
66 17 
22 
74 0 
66 
74 74 
36 39 
45 47 25 40 
35 43 
48 27 49 15 
54 
34 
45 11 17 25 
57 17 
44 
29 
31 34 0 
70 6 
35 18 36 7 
49 40 8 
44 17 
54 
68 66 
40 26 32 
41 60 41 43 
66 40 
59 20 
55 8 
36 18 34 7 
60 26 29 
25 7 
22 
48 
57 
37 
52 40 54 
64 39 64 17 
66 5 10 
48 16 34 23 
73 
32 
40 43 27 46 
65 65 
46 28 20 49 
60 3 
46 
39 39 7 
65 
51 54 
70 
23 
53 24 19 15 
51 62 15 
44 10 
64 
38 
47 12 
49 
19 
29 
58 
54 19 64 31 
59 
39 11 7 5 65 
65 65 65 
26 
62 58 7 
72 74 
64 
51 13 
31 
45 23 50 32 
41 3 39 1 41 
44 26 10 4 
54 2 
70 31 
29 28 
42 5 
70 7 
56 
70 31 
71 37 
72 
42 32 42 15 
70 13 73 
50 
74 72 
28 26 
51 
47 17 14 47 36 
60 5 64 
61 
36 
61 
25 
62 27 
54 15 26 17 
28 22 1 
60 
37 
52 
56 55 
41 32 20 
52 11 45 
64 33 
35 16 
46 16 41 
58 57 28 
73 
56 18 
26 23 
27 
70 65 
23 
47 
60 
50 24 
52 29 10 51 
34 65 
47 56 40 7 20 
39 4 31 35 
26 21 
28 59 
46 
72 
49 12 49 
46 
43 
71 
69 
48 28 
46 48 23 
66 28 
64 
29 23 
67 37 
50 12 
46 
74 65 
39 61 4 
55 51 
70 25 66 
36 
41 28 41 42 
58 13 25 77 
53 
71 
34 
45 40 47 
58 60 34 
37 
27 
37 10 39 17 33 
42 3 47 
40 44 26 0 6 
36 8 12 35 
53 46 
61 
59 62 53 
43 5 
54 8 
69 14 
56 55 
44 15 14 15 
35 19 10 36 17 
51 
36 14 
52 
45 45 46 47 
50 29 
56 28 59 33 
49 13 47 53 24 
39 39 
42 29 14 
62 
47 16 52 
36 41 39 8 39 
65 40 
43 
29 30 
53 23 
26 
25 25 57 
31 2 27 29 
20 
37 
36 
42 
51 14 29 
44 30 39 
20 
61 
31 69 
55 55 4 59 
43 12 
46 46 45 51 
31 
49 
27 
56 25 58 59 
59 29 62 
37 
22 
26 
50 41 
24 
31 
64 
22 
44 32 43 
60 
54 52 11 
51 
19 
39 39 30 35 16 
62 
49 45 8 41 
25 53 
63 60 
64 15 40 
35 
47 38 17 
74 47 
30 31 9 8 
51 35 
18 
20 
36 
49 15 
21 
41 
44 
32 
25 28 55 15 
51 26 29 53 
30 31 30 41 6 
53 
24 
47 
48 
42 42 9 41 36 
64 27 
39 
60 16 60 
29 
46 
27 
35 
56 
18 
22 20 
53 
50 10 
47 46 20 44 48 
40 6 
64 3 
55 13 55 
53 18 
60 43 
23 
30 
57 45 
62 
25 
68 7 
31 21 33 37 
53 7 50 
41 1 
38 
52 20 6 15 
41 13 5 43 
31 
36 43 39 13 10 
68 
66 
67 
44 14 15 6 
70 36 
48 10 45 8 
48 48 17 
18 
51 40 52 
55 50 
59 48 
53 
63 14 
68 
21 
24 58 
28 
63 64 
26 
64 62 55 36 
60 62 3 
72 2 25 
58 19 
52 14 57 
36 14 5 
72 
62 61 
55 57 53 27 
44 8 41 
21 
56 22 
67 11 
23 54 
27 
50 18 5 9 
73 
57 51 
47 28 6 8 
63 
69 
41 9 44 18 
40 14 4 13 
61 
57 0 
30 6 
63 
51 18 48 5 52 
31 30 
52 19 28 
56 9 
34 
63 63 41 
45 18 
46 17 
57 
50 17 
30 
42 51 40 44 13 
19 
74 62 
45 
32 11 11 
48 26 22 
44 44 14 19 
28 27 
50 
68 24 
42 
45 
25 25 
32 
66 
57 23 41 
69 69 
42 9 5 43 
40 43 8 29 
51 21 53 21 11 
21 
51 
63 62 
47 
42 37 38 15 49 
59 59 
64 
42 43 21 7 
41 42 38 
58 31 
55 34 
55 59 
40 43 40 6 12 
46 
49 15 49 0 0 
47 24 15 46 11 
71 
45 18 17 
74 
43 
55 25 
36 37 5 27 
31 33 31 33 
27 0 9 
50 9 
70 19 
53 
44 
70 70 
62 
47 14 45 
51 
48 26 47 34 49 
41 19 44 0 
50 21 
30 
61 
29 26 31 
48 47 
61 28 65 
69 
50 24 28 
53 9 68 23 15 
57 
61 46 
70 63 
49 78 46 15 28 
66 41 
68 
30 33 
56 55 
48 14 47 49 2 
23 2 
58 
32 31 63 32 41 
39 6 15 
24 
60 62 
37 10 41 
45 48 47 46 47 
55 17 45 
47 
45 26 
49 17 27 
62 63 29 
65 13 
54 
71 
37 
41 
69 23 69 
49 62 12 16 
34 
41 3 37 37 
36 35 2 6 
34 44 33 
25 22 
48 
66 
39 6 26 36 
47 11 
57 13 
25 
59 9 
57 39 56 59 24 
62 
18 
28 
70 14 
74 29 
41 41 
55 55 57 55 
36 8 
63 63 
30 5 
49 
21 
52 21 13 
32 
52 46 24 10 
19 
41 9 52 
41 
41 19 22 7 
51 52 
52 
56 10 50 
28 27 
66 32 
57 59 
64 51 
56 8 
72 17 
74 
43 24 
29 29 
52 54 
36 37 39 8 
51 52 
36 39 
64 29 
72 42 
47 
46 
42 21 13 13 8 
37 0 
67 40 
35 37 36 
44 
57 55 
38 6 
27 28 
62 26 
58 
67 67 
66 
67 39 
52 28 
70 
31 
38 
72 2 
34 31 37 
73 42 
22 26 
57 27 
51 20 52 53 
69 
43 8 3 42 54 
20 
68 57 
33 
56 8 
71 28 
33 31 34 8 26 
60 5 45 
23 
70 73 
68 
60 24 
52 28 54 
67 
57 29 
49 37 49 9 
37 18 41 43 6 
41 30 31 50 39 
46 7 10 18 49 
59 59 
55 
49 6 6 32 
63 
71 37 
71 30 
22 
32 39 8 
42 43 36 12 
44 12 
32 2 36 56 1 
56 22 
23 
45 8 
23 23 
51 56 51 57 
37 36 
45 
48 46 52 17 
68 58 
41 
64 37 55 
51 15 
61 8 
56 16 
54 16 17 29 12 
32 
70 28 
31 28 7 33 
22 
46 6 5 23 
33 2 
39 32 6 19 
73 25 
18 
50 26 
36 29 7 0 
55 9 55 
60 25 
37 11 69 38 36 
45 
32 12 
55 17 
73 0 
34 0 12 4 
49 
69 71 
24 
54 11 
37 41 53 36 10 
46 48 
54 25 
58 26 
53 
53 16 15 41 
25 
18 
53 2 
46 45 45 41 
20 
28 27 
45 40 
42 
50 30 
36 43 37 
45 14 23 
42 32 17 22 
57 0 41 22 3 
67 33 
42 44 
68 8 
47 
49 
60 7 
48 26 56 
23 22 17 23 0 
65 13 74 
59 56 29 22 
33 27 3 
26 20 
27 
40 42 7 40 
56 24 
52 46 7 
68 
49 16 
63 
46 7 
68 
46 
24 
49 48 17 47 
46 14 0 66 18 
36 38 28 
38 9 1 50 12 
61 63 
47 39 2 1 
24 
68 8 
50 
30 27 
34 32 35 
25 26 
40 16 36 
48 46 24 44 32 
49 16 25 
30 10 32 
71 
37 
26 27 
51 4 
52 
41 42 17 
37 
39 
22 46 23 26 
52 52 54 20 
18 
45 
57 33 46 
37 39 14 
58 0 17 
37 27 3 39 
55 34 
67 28 19 
59 28 
36 43 9 
61 
36 
35 32 36 
53 
35 11 
50 56 36 29 
37 38 31 8 
45 
65 
34 
59 45 
19 
48 
18 
40 8 8 61 
36 36 9 2 
66 65 
26 8 19 
27 
57 17 
50 49 
39 
62 
18 
32 10 25 39 
34 1 8 2 1 
46 16 23 47 
56 53 20 56 
60 68 
59 56 
74 7 
45 22 45 25 13 
55 31 35 17 
61 
35 7 3 17 18 
57 46 
37 33 13 39 31 
35 2 39 
66 
28 
65 19 
70 66 
30 31 2 1 
47 19 
49 
61 50 16 
47 
36 10 1 39 
48 16 47 13 
37 5 25 4 28 
51 45 
52 51 
72 
57 
53 48 31 21 
59 23 
22 
40 39 11 7 
33 30 
27 
41 
18 
34 
48 20 
36 36 
54 50 20 
64 
34 30 
54 
35 8 36 7 
55 
27 21 
30 5 30 
27 3 29 
41 26 6 
45 40 5 49 33 
41 
53 50 42 
56 1 34 56 
49 18 16 48 
56 27 47 
67 48 
61 64 
70 11 11 37 
21 49 
34 30 10 58 
37 7 36 
21 
63 
51 24 
37 37 0 1 
58 19 57 
49 
36 
51 27 52 
55 20 
37 11 16 5 
50 2 27 46 
21 
45 25 54 16 
38 35 
51 55 15 56 
40 
64 
42 
29 27 
47 
29 5 
59 
59 18 23 19 15 
41 6 
49 11 14 27 
55 31 22 4 
40 40 42 
41 
43 41 28 
53 57 1 16 
42 42 
47 
64 58 
66 70 
47 48 20 54 
50 44 36 
58 62 
45 
43 19 
29 
51 
38 27 11 38 5 
23 
55 25 58 34 31 
59 31 
54 27 54 21 
59 59 
49 
42 
24 
55 2 
34 41 
56 25 48 57 56 
65 
35 
57 57 
39 7 9 
59 13 
28 21 
46 48 
31 9 3 
41 40 46 5 
59 
42 68 7 41 
18 
50 25 
28 20 
68 
47 19 21 16 
29 30 
60 69 
40 40 14 41 
59 20 62 56 60 
36 
48 13 18 30 46 
58 
44 
56 59 27 
58 
32 8 57 34 13 
58 6 
45 12 25 10 
68 36 
53 25 2 
46 11 14 
52 53 14 56 23 
20 
28 52 28 
67 31 
52 25 47 11 
39 6 43 41 31 
37 25 39 5 6 
48 
59 57 
27 65 
31 28 
54 40 7 12 
28 27 
36 13 35 
56 58 
36 6 10 
60 41 36 54 32 
39 
46 25 12 
69 15 
53 14 53 27 
46 11 16 
59 57 
62 52 45 
65 41 
19 
38 
22 
39 
23 15 27 49 
61 48 
42 69 43 
45 
29 16 
61 26 
63 58 
59 21 32 50 
54 40 
50 51 52 
46 13 13 15 
73 
72 
42 
29 
58 1 
42 41 
54 15 
40 0 65 45 
19 
73 
49 45 
61 61 
28 28 47 
51 75 26 51 
41 
54 30 59 
19 
37 5 36 8 
23 
68 68 
55 15 56 
31 
47 12 5 
38 36 3 19 
27 30 21 27 
64 
68 
53 
56 57 10 
40 43 38 37 
62 63 
28 
53 10 
20 
53 0 15 8 
50 22 
31 
32 9 13 
72 70 
58 17 21 
58 23 29 
55 64 32 
54 52 53 31 
58 
43 
26 
52 40 11 
69 66 33 69 
33 3 33 
44 9 1 16 
72 
19 
51 50 
36 
51 31 15 
38 2 1 3 
49 
57 5 59 54 19 
47 
47 40 
41 11 
57 3 
63 
42 69 
72 
64 60 15 
66 
44 
60 63 
31 
52 
35 
49 47 11 13 
43 41 41 
35 17 40 37 
47 
36 43 
74 29 
51 21 
32 12 
57 30 1 36 54 
32 
53 
71 14 
52 11 20 
44 44 
41 42 45 43 
72 
30 32 2 3 46 
61 8 
69 
47 46 
25 27 2 22 
51 52 
74 47 
26 
37 34 39 37 36 
19 
63 57 49 61 
50 16 
41 11 
61 
54 15 
56 56 
50 
69 68 
35 
20 25 
71 63 
71 
69 
42 44 10 44 44 
28 2 
46 21 
54 
55 31 58 
61 63 
52 59 22 
38 36 7 
27 
63 26 
44 43 5 5 
24 
28 23 
62 33 
59 58 
47 59 29 48 52 
30 27 
56 
23 47 
56 
31 6 25 8 
49 8 
34 0 4 
59 0 7 39 64 
71 
61 7 
55 
74 
33 6 
70 26 
51 
62 
51 11 45 
45 36 17 40 
67 
42 
50 
56 57 
27 
37 12 37 37 36 
66 5 
43 42 12 32 
73 
47 48 49 
19 
47 45 47 31 21 
44 12 7 40 6 
21 
51 19 
26 30 15 0 26 
39 34 8 
49 55 50 16 
31 9 10 30 
52 
23 
61 17 
37 37 60 9 8 
49 1 48 0 24 
72 27 
73 49 
66 67 
30 13 5 
37 55 36 6 10 
34 10 
54 52 25 0 23 
32 0 
53 30 52 
71 1 
22 
63 
37 35 18 37 69 
46 47 48 23 16 
54 54 
33 5 13 
61 
29 33 
63 43 
51 
73 
36 4 1 39 
35 36 1 42 
47 
22 
32 22 2 30 
40 8 
46 
64 
53 
68 8 
42 39 1 36 9 
38 5 1 37 
28 21 25 20 
37 
23 
50 40 25 
36 4 13 19 
54 
40 2 13 42 
41 
57 30 58 
32 36 
32 
22 
63 20 
56 
64 
24 4 
41 44 0 15 18 
47 25 27 
70 18 
69 
63 66 
70 71 2 
55 
54 58 8 
54 43 
32 39 34 4 
64 60 
57 5 
61 31 10 57 
18 
20 
25 
68 65 
63 45 
41 43 19 22 39 
67 
62 13 32 68 1 
53 29 49 
41 43 9 40 31 
64 40 
33 11 
60 
24 52 
62 30 60 
64 64 43 71 
29 27 26 25 27 
53 21 13 
39 
56 57 
31 1 
69 34 5 65 65 
68 30 
29 51 3 26 
57 58 45 52 
53 
47 52 30 47 16 
30 34 
29 33 
55 20 
36 61 
60 25 64 63 
38 18 15 12 
25 52 27 
60 61 20 
18 
20 
19 
55 53 55 
47 45 19 16 
56 
48 19 
68 47 
53 33 11 54 
50 54 30 
55 
49 
57 
23 3 
48 36 14 
42 35 36 23 
52 52 
65 
57 58 9 
58 
46 17 
43 12 49 8 24 
33 34 8 21 
42 
35 
54 25 
22 
60 63 5 
30 
51 54 15 24 
40 44 1 
58 56 53 61 
49 51 13 24 22 
61 26 
48 17 9 13 22 
71 
20 
45 0 
26 
28 
58 56 26 
65 
39 1 
65 31 
35 36 
52 28 
54 59 53 60 
57 
58 59 20 
49 23 
67 56 
40 
63 
29 22 1 
30 34 12 23 
51 54 56 50 
63 40 28 25 64 
39 19 28 
61 
37 
23 
74 73 
55 
53 3 46 19 23 
32 
48 49 45 
66 
46 
34 2 
42 
61 32 13 
69 
44 8 29 
39 13 0 
43 10 
43 50 7 6 43 
37 11 0 
39 
34 
30 
19 
55 13 
47 1 7 14 
27 
62 
54 52 25 2 
51 24 53 
20 
46 51 
41 42 31 17 18 
70 25 
38 
51 
57 
41 
34 
30 
43 43 42 44 44 
62 
42 21 42 13 
18 
46 34 10 0 13 
54 
31 
37 7 3 58 36 
36 
42 45 40 35 0 
63 15 37 
54 50 52 
67 3 
40 40 33 
45 23 
66 
39 8 2 39 35 
30 30 
31 8 32 
62 37 
33 28 6 33 31 
24 21 24 
34 
18 
49 46 14 
34 24 32 
56 21 
44 11 12 30 
62 60 62 
67 5 
69 
21 
48 45 25 23 
61 
27 
42 40 
19 
22 
59 58 
64 2 61 64 
49 23 12 12 
25 
53 53 24 
52 54 75 
29 55 
18 
52 
67 
39 9 35 39 
55 28 21 31 
68 
38 8 0 0 13 
51 
60 3 31 
50 
66 25 
47 12 23 48 11 
70 
36 
18 
25 
23 
50 
58 56 
36 5 30 11 
28 
31 59 30 
20 
26 25 
42 44 
66 44 
64 65 
58 26 
45 45 4 
31 
51 25 
19 
34 
52 21 43 28 
37 59 
60 63 34 
39 38 30 
39 37 37 1 
68 28 
56 27 
34 1 2 
60 33 
57 58 
60 21 62 
61 
33 25 38 3 
53 16 
27 20 26 27 32 
53 
52 24 
40 40 17 45 13 
39 16 
36 10 
42 9 48 
42 50 7 
61 28 30 5 5 
19 
41 
47 
26 
28 26 
27 
40 0 41 11 50 
30 
52 52 
63 
31 
54 10 28 
54 59 50 
46 21 23 
33 58 
72 
54 52 
26 26 
26 25 
58 52 
65 4 30 
63 2 64 
66 54 
25 26 
53 
62 36 
52 29 15 54 
46 
55 36 53 
46 
37 
48 
56 56 24 
44 39 12 
52 19 
43 39 7 11 7 
61 
57 3 28 28 
33 30 
21 23 45 46 
44 43 12 12 8 
55 
65 60 68 
40 7 42 7 17 
67 
68 16 
46 
40 14 46 17 48 
24 
49 47 48 
22 
37 2 15 27 
63 44 58 22 10 
43 33 49 
52 
47 
43 
20 
63 
44 43 5 46 40 
18 
70 
65 
58 
48 
53 13 23 47 
35 
52 52 
63 61 
54 19 19 50 55 
60 
63 3 73 40 
48 23 
67 68 
61 
51 53 10 7 
34 4 31 2 27 
63 64 
52 57 
58 53 34 
30 
30 2 63 34 
59 26 
60 
60 
50 4 51 51 
42 17 44 31 
73 
31 31 33 
36 
64 
58 10 60 59 
68 
63 67 
42 15 43 8 
52 0 
74 42 
32 
46 
33 
63 20 1 
46 
68 
34 
42 14 12 
57 57 55 
43 
32 2 
59 
32 31 33 58 35 
19 
51 
67 69 67 
38 
32 30 34 
49 16 
43 68 40 
52 23 54 24 16 
21 
71 
30 
25 
49 
25 28 26 
33 
36 19 11 28 12 
19 
40 40 10 30 
30 
59 
58 22 51 
52 1 
71 
65 
58 
42 13 32 39 
41 13 10 
18 
41 18 
58 55 37 
30 5 32 
49 
39 
70 11 
26 32 
39 6 4 
39 
65 13 
41 3 7 13 12 
24 
41 44 41 25 
18 
58 57 
74 9 
58 9 58 
19 
28 
24 
42 10 
46 
26 29 29 22 26 
72 68 
68 
41 14 17 47 
21 50 
45 
40 10 40 44 
47 47 45 26 50 
52 
61 
40 6 
41 20 
62 63 
35 17 40 3 
40 44 12 
63 30 20 
48 
47 45 
25 29 0 1 25 
61 57 
31 32 30 6 
66 65 
73 
32 11 
67 12 
71 
66 5 
30 37 30 10 
52 78 40 
29 
20 
29 25 
48 50 16 
21 
51 3 7 
55 57 
23 
66 8 
20 
45 
57 6 
68 71 
57 2 
37 43 
34 15 31 11 39 
41 17 3 
45 49 37 49 
67 6 1 
58 58 
36 2 39 4 
31 
57 43 
63 3 56 
58 13 
49 13 6 8 33 
45 21 46 
46 9 22 
64 
52 42 
34 9 32 28 
49 28 19 5 36 
34 
22 18 
28 
67 
54 60 
55 51 
60 
42 14 6 16 16 
31 4 
33 38 
49 28 49 
28 27 25 4 29 
54 28 24 
57 
52 
27 
26 28 28 
40 42 19 11 
47 44 1 
46 47 
56 59 15 
40 
61 9 
71 
18 
28 
46 19 49 27 
36 25 26 
43 5 
40 11 10 
36 10 7 27 
34 35 5 0 
59 50 49 
44 2 31 39 
60 34 
67 25 
60 
59 18 
48 19 8 
26 
63 
58 54 
39 7 14 37 
37 
54 
27 45 
63 7 
48 41 48 
46 23 
37 40 6 11 
36 12 6 37 
19 
58 
19 
34 31 33 4 
49 
44 
18 
19 
37 13 
67 9 
56 4 16 
24 
47 30 
52 17 31 26 
24 
41 28 
29 27 
59 
59 49 
51 26 
39 1 9 33 
64 32 
32 30 25 10 2 
26 
54 54 52 50 
48 15 48 8 
50 14 
49 27 18 30 
62 18 
69 2 
55 
69 14 60 
28 28 
35 7 13 36 
69 11 
43 10 9 22 
68 40 71 64 61 
19 
32 30 5 36 7 
46 20 20 49 
59 55 
49 7 76 1 47 
56 26 56 59 57 
48 40 49 17 
45 3 
60 
29 
67 
62 55 
52 0 
25 
52 21 
37 38 35 
39 13 36 36 
72 
42 32 5 32 
32 
59 
48 26 14 9 0 
47 
64 1 
69 8 
67 31 
35 10 39 6 
57 25 
52 51 
25 24 28 
44 12 
56 58 
37 39 8 39 
60 23 15 
45 22 49 
71 
37 2 3 4 38 
51 
67 
31 
52 51 14 
36 
47 57 47 22 
38 14 8 31 
65 0 
74 75 
61 8 
25 3 
43 
23 
65 
65 42 
26 69 
45 6 41 19 
71 22 
23 
56 
46 
54 
20 
50 31 51 
40 30 6 
56 
59 22 15 
28 
24 
37 0 11 3 
42 17 
37 
28 27 
25 28 
72 
55 59 6 56 49 
45 47 17 15 12 
66 
62 
37 37 
18 
55 57 
34 2 
37 35 7 
74 41 
45 25 49 11 
43 
63 8 
47 19 35 16 
58 32 57 
61 26 
62 11 12 
55 56 
56 6 67 26 
42 42 42 11 
34 1 64 
58 12 61 
71 
68 10 
70 42 12 
49 9 38 
48 19 
58 45 25 59 
43 37 26 12 
68 16 
68 
70 46 
18 
47 
64 16 
61 
57 46 56 
53 28 
48 17 20 59 16 
45 49 
43 8 1 15 9 
42 32 
35 
54 3 16 
61 
69 55 
48 
72 24 
45 51 50 11 18 
50 20 50 8 54 
19 
36 5 37 
51 4 52 
64 
63 
34 11 15 29 
48 22 5 50 
63 55 
29 51 
26 
38 
54 20 41 54 
60 4 
54 36 
59 59 56 
58 2 23 51 45 
61 45 6 66 
60 0 
45 
20 
42 47 41 
56 12 39 15 
30 
21 
46 
29 
68 
22 
49 16 4 
28 1 
50 31 11 33 
72 14 
73 
30 26 1 4 32 
59 
37 9 8 39 
63 56 
60 8 63 
20 3 
74 29 
21 
33 13 46 
55 25 
44 12 
41 
39 26 
46 45 22 18 
57 
64 8 
56 58 
30 
32 5 4 
21 52 
40 
52 
51 50 
45 50 51 17 
46 6 
58 59 4 
58 34 
69 35 
52 24 
63 
64 
57 
40 16 9 42 
60 31 62 28 49 
69 
54 34 24 53 
23 
37 39 39 43 13 
22 
26 53 
30 
49 46 44 45 19 
67 
30 
64 62 
34 33 29 
70 
48 65 24 12 
36 64 
69 69 
31 14 
44 14 8 8 16 
20 
44 9 16 17 
31 53 62 
53 9 
53 15 
67 38 
46 
50 24 19 16 
35 6 
33 34 30 
43 44 43 14 
72 
53 
61 
50 
43 
66 
51 29 15 54 
65 9 
36 
64 2 
69 45 14 
54 23 
62 71 
46 48 
42 8 5 32 
63 34 26 28 
33 7 
58 2 16 
73 
61 22 34 
52 
20 
46 39 
31 5 12 36 
43 
51 
50 15 28 26 
27 
46 49 
19 
41 16 11 24 
71 20 28 
70 
42 
60 50 
56 62 3 22 
51 26 
27 3 28 25 29 
30 14 
59 52 
32 57 5 39 52 
72 7 
54 9 0 41 0 
45 32 22 40 
65 
45 9 47 
39 37 8 3 
29 
52 25 
23 18 
59 25 
56 2 
69 
64 3 
52 1 15 
42 13 6 
61 30 
29 53 
62 
46 29 21 46 19 
35 6 37 39 
50 28 
73 61 
65 58 
45 18 14 25 
72 74 
51 27 
53 19 25 
45 50 23 22 48 
54 6 11 50 
53 52 
39 
70 62 
74 72 
52 7 28 
29 
49 
36 1 37 37 
18 
62 15 5 
58 16 51 13 27 
53 15 
32 44 50 
26 
36 24 31 6 
64 
41 
61 46 62 
58 
35 36 
72 77 
54 
44 
29 
43 5 30 
33 
61 71 
44 
44 43 8 14 
56 56 5 
61 
29 
53 
53 24 
64 27 
18 
39 30 37 37 25 
47 19 27 11 
52 28 23 
62 63 
71 36 
52 50 
33 
67 8 
71 
19 
71 25 
50 23 
52 27 74 
31 3 61 33 
26 
61 15 
63 61 
55 16 23 
49 13 47 22 29 
27 29 
34 30 37 31 18 
34 11 28 
33 29 44 33 
40 44 
69 67 
39 49 
30 
54 0 51 
70 66 65 
30 34 31 
70 
40 
49 12 3 
22 
63 52 
19 
18 
63 16 6 
55 15 
67 24 
62 
26 
51 43 
66 
58 59 59 
38 35 23 39 1 
56 53 47 51 
46 6 26 45 
45 1 11 46 
43 
40 16 61 
39 
25 4 
33 56 10 
52 21 13 26 
64 55 
70 16 
71 43 
52 24 
68 
63 61 11 
57 
62 
69 66 
37 
37 57 7 4 
56 
34 9 
42 6 6 
73 15 
57 10 27 
36 11 
32 33 2 9 
50 23 56 20 24 
28 
68 2 
30 
40 5 
70 13 
43 12 48 42 7 
54 56 
56 43 6 
47 17 54 6 
47 
20 24 
48 20 22 18 
43 
28 
47 
45 35 
59 32 21 55 
53 49 50 
72 11 72 11 
24 
53 
63 24 
56 
46 26 17 29 18 
28 
44 44 12 
37 43 7 
62 
62 
52 
58 58 
62 52 
31 
39 9 5 6 
35 11 35 7 
38 13 29 12 31 
43 9 37 42 
45 
59 70 
41 12 
59 
36 
34 34 
54 25 18 50 
43 14 11 10 
57 26 45 
60 34 4 
63 52 
57 5 68 55 
60 29 34 
55 9 
60 60 56 
55 
59 60 
27 22 2 4 1 
71 7 
55 
34 28 5 
31 31 3 8 
73 44 
57 27 
36 31 
26 
60 
26 15 
62 
33 4 
45 24 
53 21 52 
45 49 49 24 2 
73 72 13 
47 50 45 
52 29 
54 5 27 12 
70 22 
47 49 70 21 
38 6 
39 
44 42 12 13 
62 
18 
67 
27 
34 
32 
58 36 
40 8 22 28 
54 12 
52 12 
36 37 3 
52 21 
35 
55 55 17 
28 26 2 27 
26 
60 
36 2 9 7 66 
60 66 
45 
57 27 30 
18 
53 48 24 
32 
61 
56 28 15 
56 10 
66 64 
47 45 57 35 45 
42 12 43 68 
44 17 13 14 
37 0 10 
65 
50 
53 
65 68 
45 48 
41 
20 
67 1 18 
74 60 
49 48 19 
42 44 41 
38 11 40 61 
69 
52 50 
42 
43 7 
54 10 27 25 
55 21 
54 23 
62 62 
49 
19 
73 51 6 13 14 
41 24 36 
72 76 31 
31 4 17 
59 
25 
66 7 
36 
32 16 
59 
67 40 39 
59 
45 
68 3 
71 5 
69 70 67 
60 
56 53 0 
52 17 
74 
26 
31 23 0 31 7 
54 40 
67 
39 36 
35 14 28 31 
25 28 29 
66 73 
41 52 5 0 
37 7 5 
56 54 2 
59 53 
63 34 
32 29 44 9 
56 31 
46 
31 32 4 2 8 
38 38 36 9 
29 5 
49 
50 7 2 
47 46 60 
40 42 5 12 
58 16 55 
21 18 
57 26 15 
40 22 12 16 
21 
32 13 
50 51 
47 48 10 42 16 
64 2 
58 
63 
73 13 61 
29 
54 
60 61 
47 
73 15 
64 
49 22 27 41 53 
30 75 12 5 23 
58 58 28 
33 33 39 
51 24 23 22 
69 1 
45 39 
44 
18 
45 77 
69 67 
42 
30 10 4 44 31 
35 9 13 34 14 
35 37 2 5 
50 45 4 
63 60 5 
50 16 
63 68 20 
72 57 30 
63 39 
44 
37 
18 
58 55 3 
68 37 
31 32 34 10 
42 12 17 48 
33 
22 
47 
23 
69 10 
63 
21 
74 14 
34 6 34 12 34 
45 27 
30 1 
48 
54 22 
38 
25 
74 48 
67 
47 78 3 9 
53 53 45 17 
49 
40 8 41 40 
33 27 31 55 
64 41 60 
73 
38 36 6 30 8 
48 
26 
18 
45 16 
25 
53 28 20 
29 
66 6 41 
59 
53 18 10 45 
53 64 15 
33 
42 
28 
61 63 
66 9 
26 4 
66 11 4 
54 4 13 22 30 
48 3 
47 
73 9 
69 32 
29 26 
37 
71 
36 11 7 
69 74 
69 8 1 
41 32 40 25 
60 59 32 
60 48 19 
44 15 
31 30 2 32 
69 69 
58 51 27 
62 28 
32 
73 
67 61 
73 48 
45 46 54 16 
33 30 27 
34 30 8 26 31 
32 32 
61 
65 40 
31 
39 11 0 6 
63 
34 29 28 
72 74 
23 23 
41 39 26 
19 
39 36 73 13 3 
20 43 55 
74 
27 
27 20 28 
50 53 54 
31 32 33 
27 
60 30 
51 39 52 
37 9 
71 
50 4 
65 3 
73 49 40 
61 53 9 
50 
43 42 28 
63 7 
74 72 
60 60 
44 5 11 27 
32 6 30 
35 
26 1 
59 15 
30 7 0 1 2 
52 23 
41 49 8 20 
39 
35 
51 24 10 
37 48 2 39 
27 25 39 
19 
34 
50 
36 19 31 25 44 
63 61 
19 
69 5 
46 47 20 
33 33 
25 21 
54 
38 34 
19 
50 31 
64 
41 41 
29 
20 
66 12 
56 34 8 
55 23 41 51 
43 8 16 
51 
18 
70 
20 
53 11 31 51 
29 
46 41 46 29 
48 42 
46 58 26 48 14 
40 
27 23 26 29 
23 20 
57 58 77 
74 16 
51 18 28 8 
47 28 12 40 
34 31 31 59 31 
43 
61 9 
53 
57 55 
32 
66 
34 
50 26 
51 
23 
54 19 
68 66 
33 36 25 
54 27 21 31 
49 14 10 
42 49 43 6 42 
30 34 43 33 
53 22 
66 
63 52 
48 
66 19 
53 53 19 44 30 
63 
31 30 32 31 33 
57 
59 31 
29 
22 
59 
33 
39 0 12 
39 1 3 39 
69 39 
39 19 2 10 
37 
37 42 1 
52 
33 1 30 32 37 
60 33 
28 48 26 
59 
26 
39 36 39 35 
42 33 
43 
36 
51 40 
54 46 
37 11 8 7 
23 
22 
33 
50 16 
52 28 6 46 
53 19 47 
65 15 
43 14 37 16 
53 41 53 50 56 
68 5 
55 13 25 56 
18 
47 57 16 49 49 
56 
20 
60 0 
44 
49 4 23 
39 39 4 9 
28 
35 
48 
29 
71 5 
60 37 
50 21 39 
64 8 52 34 23 
50 32 40 57 
55 56 
21 
43 
60 
34 7 4 4 
25 25 22 3 
43 
37 
32 
65 
34 
71 70 
59 37 
58 2 
60 
66 40 
35 11 11 11 
59 54 73 
72 1 
44 
31 
53 
70 
