50 
25 
42 
49 
48 
50 
51 
50 
54 
64 
36 
52 
25 
38 
58 
36 
57 
51 
41 
29 
54 
47 
42 
28 
40 
57 
31 
27 
49 
30 
31 
50 
46 
59 
43 
27 
32 
28 
50 
27 
29 
44 
55 
57 
46 
43 
44 
47 
38 
42 
53 
31 
56 
30 
48 
27 
31 
33 
25 
53 
47 
61 
49 
50 
44 
28 
49 
39 
34 
58 
38 
52 
44 
33 
35 
55 
41 
46 
41 
42 
27 
59 
53 
26 
39 
49 
47 
37 
56 
26 
51 
53 
37 
29 
27 
41 
45 
33 
35 
42 
26 
55 
33 
29 
49 
65 
37 
52 
27 
31 
54 
41 
55 
53 
41 
39 
45 
55 
49 
52 
59 
32 
34 
34 
38 
50 
43 
36 
30 
50 
54 
37 
54 
50 
31 
46 
26 
56 
30 
42 
39 
49 
37 
25 
30 
47 
40 
40 
29 
55 
56 
41 
27 
57 
41 
49 
48 
26 
59 
43 
39 
27 
51 
44 
53 
50 
58 
29 
34 
52 
27 
48 
36 
54 
30 
45 
46 
41 
43 
59 
35 
30 
43 
35 
38 
35 
54 
27 
59 
32 
34 
59 
36 
57 
61 
33 
40 
45 
29 
39 
25 
34 
51 
51 
59 
33 
32 
31 
48 
48 
35 
50 
33 
44 
57 
43 
49 
50 
36 
39 
25 
44 
30 
53 
54 
43 
37 
43 
59 
33 
35 
28 
51 
39 
53 
26 
31 
35 
48 
47 
37 
37 
43 
51 
36 
33 
45 
38 
51 
42 
44 
50 
25 
45 
42 
28 
44 
55 
45 
53 
36 
41 
35 
46 
35 
29 
39 
59 
53 
44 
39 
33 
44 
58 
51 
44 
52 
35 
31 
53 
52 
32 
47 
45 
41 
46 
55 
47 
45 
35 
59 
32 
31 
42 
46 
44 
31 
28 
34 
38 
25 
35 
54 
30 
47 
47 
39 
46 
37 
26 
52 
44 
51 
46 
46 
52 
49 
28 
49 
58 
48 
34 
44 
37 
43 
61 
57 
60 
40 
48 
43 
55 
59 
43 
38 
36 
40 
44 
33 
42 
48 
36 
53 
30 
44 
37 
58 
39 
37 
54 
56 
56 
28 
33 
35 
26 
48 
27 
47 
56 
44 
31 
39 
33 
39 
33 
52 
48 
26 
38 
52 
26 
48 
44 
55 
27 
58 
56 
46 
25 
27 
34 
49 
35 
55 
29 
26 
52 
39 
47 
26 
33 
58 
36 
55 
58 
29 
42 
45 
70 
26 
27 
51 
29 
37 
38 
41 
57 
27 
47 
45 
46 
68 
25 
49 
43 
65 
30 
38 
25 
53 
27 
28 
39 
57 
55 
48 
30 
56 
25 
47 
37 
41 
53 
48 
35 
27 
53 
67 
35 
58 
28 
25 
27 
30 
26 
54 
32 
26 
53 
44 
48 
41 
54 
50 
34 
54 
48 
42 
41 
57 
43 
47 
40 
32 
43 
48 
39 
53 
30 
37 
39 
42 
41 
55 
25 
28 
58 
28 
56 
30 
53 
34 
25 
43 
33 
54 
48 
36 
34 
49 
52 
53 
29 
42 
49 
29 
33 
48 
35 
43 
54 
28 
46 
35 
26 
40 
36 
45 
47 
26 
49 
51 
39 
58 
38 
42 
26 
51 
28 
41 
27 
29 
30 
39 
50 
39 
38 
50 
53 
37 
32 
30 
28 
28 
40 
44 
54 
35 
44 
44 
38 
53 
44 
44 
56 
54 
45 
34 
59 
48 
32 
46 
39 
37 
53 
39 
29 
41 
52 
51 
50 
39 
56 
52 
34 
54 
26 
35 
25 
30 
50 
32 
27 
30 
54 
31 
35 
25 
