18 
57 34 
68 
39 28 5 
63 51 
25 1 
46 27 46 49 
39 
19 
37 6 5 54 38 
72 7 
32 31 26 
25 28 
43 51 43 41 6 
71 71 
74 
36 
63 21 6 
37 38 8 6 
18 15 24 17 
71 37 
72 
41 37 16 44 
63 26 
35 
54 
28 29 
55 19 
46 46 
30 
50 
22 
29 28 7 59 29 
18 
29 1 
22 50 
42 44 36 42 31 
48 39 
60 28 
70 31 
59 
35 5 
51 54 
46 2 49 12 
66 12 
58 
20 
45 53 12 
57 56 49 
50 51 
56 
74 
39 36 36 
45 49 35 
63 
21 
51 
24 24 
59 19 
59 22 
29 
32 8 31 52 22 
47 49 23 17 
46 54 32 45 
53 17 
65 
39 38 
64 63 31 64 
33 60 
44 7 
44 
18 
49 
43 
55 34 
64 43 
26 29 
45 40 15 11 
63 14 13 
74 36 
46 14 16 
67 69 
20 
74 30 
64 7 
42 
21 
69 38 
26 
43 10 41 43 
67 
55 27 56 22 
26 4 
18 
49 
63 61 
49 
40 
53 53 17 
48 
31 
61 42 64 63 
48 
67 
52 50 
36 2 39 13 
39 39 5 
24 5 
50 24 13 23 25 
51 47 76 26 
45 45 41 
51 24 
34 38 41 6 31 
64 74 
24 
40 37 27 
36 3 14 
20 
43 17 11 13 11 
74 73 
64 
70 8 
59 2 
49 27 17 28 
44 
69 
60 
66 59 66 
25 28 
43 36 17 41 3 
49 
23 23 56 50 49 
40 44 
32 73 
39 0 35 1 
73 
49 15 
67 11 
36 
57 23 
57 
55 57 
24 49 56 
71 
58 30 52 
53 
46 6 26 
60 51 
34 32 
39 35 6 
64 62 
58 23 
68 19 
41 
45 21 40 
56 20 24 56 
37 38 7 15 10 
31 3 29 
63 22 
37 36 12 
74 
74 37 
45 1 16 18 
33 33 
70 
60 37 
50 27 50 47 53 
30 
51 10 
27 
64 
74 
66 
47 48 44 
24 
67 65 
18 
19 
72 43 
18 13 
42 
70 47 
33 1 5 29 
36 30 37 18 4 
45 16 47 24 
46 47 48 48 
36 9 
59 59 59 
70 
52 
46 8 46 12 
26 59 28 
59 
57 46 
63 
53 51 
53 51 
58 
51 10 
64 30 9 
29 27 4 
46 
57 
26 28 
35 4 44 42 
55 9 
53 32 50 29 
48 45 24 48 64 
64 
41 
48 
39 26 6 
57 8 
29 25 
44 
45 29 
34 
73 71 72 
45 49 55 10 47 
34 29 
50 53 
66 
60 31 
20 50 
29 4 12 23 68 
66 63 
57 34 
46 47 12 
71 41 
52 21 51 
37 
54 0 50 51 
42 5 15 32 
44 
24 24 
45 51 11 
43 
42 3 18 17 17 
44 
53 50 5 
31 33 
42 50 44 41 
19 
18 
54 50 
46 12 31 
42 43 8 42 
28 
18 
43 8 8 6 
52 50 23 26 43 
26 24 27 64 
44 16 37 17 
40 7 42 
45 28 
18 
58 19 
59 33 
60 
28 26 45 25 22 
38 4 
21 
34 5 5 
72 43 71 
33 
67 
55 55 
67 41 
50 
54 
59 
24 22 49 
58 58 
25 
43 19 44 6 
25 
32 
30 30 33 34 3 
35 37 
50 59 
44 37 44 12 
45 48 
31 
72 
28 21 
27 26 
53 
48 15 54 47 
47 29 48 21 
74 73 
40 
50 53 53 
50 51 27 
50 
61 65 64 
64 2 
60 
31 27 33 31 
59 8 
64 60 
28 21 
63 24 
47 48 11 
51 45 
48 20 14 27 
45 
61 52 
52 19 24 
51 11 
74 
27 26 
55 46 
31 
65 56 
62 40 
64 29 
19 
30 59 21 
52 53 
58 3 4 56 25 
65 67 
65 
42 35 10 42 
38 
67 58 
74 53 
53 
56 57 31 
69 65 12 
18 
53 15 45 53 
51 17 
58 29 
54 4 19 54 
53 9 
50 
36 39 38 0 
46 35 20 48 16 
44 43 
71 
22 
74 67 
54 10 
60 36 57 
41 
55 5 
46 24 
43 
57 24 
43 
64 62 
40 
29 28 
44 11 36 
24 
68 32 
37 
27 
44 27 
54 23 
43 44 42 13 
50 
44 
29 29 
56 4 
57 3 
43 12 7 19 
18 
49 29 14 15 
44 24 
19 
59 26 51 
44 32 13 
19 
56 
67 35 
46 16 11 15 
40 14 17 10 
21 21 
62 61 
36 25 39 1 
71 48 9 
66 
51 25 13 51 
37 
65 66 
43 44 43 44 43 
50 32 49 11 12 
41 25 
65 68 10 30 
27 26 23 57 
61 40 35 
30 31 0 
47 14 12 
57 1 
47 46 45 
65 32 16 13 58 
58 56 57 
62 42 
60 58 
48 40 6 48 53 
59 29 
61 56 15 
51 45 8 
62 45 
58 47 
32 
62 59 43 36 
56 66 57 
62 34 
52 
58 
33 32 60 27 
50 46 19 26 
49 11 48 22 
53 17 
68 
68 31 41 
48 19 50 
19 
26 2 55 
37 25 
24 
48 
33 5 9 
68 57 
50 21 53 51 
63 14 
49 22 29 15 
45 47 43 15 
43 41 48 
49 
37 25 41 
67 56 
52 51 
36 36 5 5 
61 58 
47 
34 37 
19 
55 
28 
20 
59 29 
34 8 5 9 
23 20 
27 
27 64 
65 
48 45 4 40 
36 34 38 17 
55 
38 
31 
73 70 
51 
67 33 36 
37 1 39 
30 
18 
42 
18 
71 
30 34 26 35 
40 
51 21 29 
28 37 
30 21 
47 23 
33 37 55 
53 20 
19 
50 56 17 
30 6 4 38 
43 46 40 44 47 
62 36 18 25 
48 13 19 54 
55 58 
60 15 
71 69 
39 13 10 
47 
55 56 10 
71 64 39 
33 4 32 31 
38 38 
41 31 17 26 5 
45 46 7 
40 
64 34 
30 31 7 0 
18 
44 
55 57 59 15 
68 57 
19 
64 30 
51 27 10 19 
34 1 36 
37 13 37 10 
23 48 
50 29 
34 30 29 37 
45 
35 10 
45 46 28 9 49 
45 49 16 1 
64 62 
73 73 
60 
67 65 
51 31 53 51 
54 7 
57 
25 
24 17 
49 24 47 
41 36 34 6 19 
54 
57 0 3 
52 
37 
29 
53 40 
26 
53 51 22 
18 
46 
62 68 61 34 
30 30 38 34 
55 18 55 
41 
56 5 
30 
31 12 2 
40 51 41 9 
68 43 
65 53 
40 42 
66 37 
68 10 
60 
46 7 
38 5 35 5 7 
36 37 
24 22 21 56 
68 13 
34 32 31 
30 3 9 10 
49 21 46 16 11 
44 
33 3 24 
51 
35 42 12 
67 
57 51 24 31 27 
41 
36 37 5 37 
29 
50 
64 64 2 
66 11 
42 12 38 7 37 
59 59 
36 31 37 3 14 
70 
61 56 
57 37 31 
60 
63 31 
35 41 0 1 
68 44 37 30 
23 
41 7 44 41 
56 58 24 
64 57 
22 23 23 
58 30 
38 52 37 29 
57 65 13 
53 1 
37 
62 35 
19 
37 43 4 8 33 
70 60 
18 
55 22 
68 
35 38 6 
42 12 
56 
60 62 61 
56 
37 35 36 5 
63 7 
28 
19 
22 
53 59 8 
67 70 4 
74 71 
27 
34 
28 25 45 67 18 
33 37 30 31 
58 
41 
58 9 
42 43 30 4 
51 53 15 50 
33 0 6 4 
39 64 28 
66 11 
41 8 
37 35 6 24 5 
46 
41 2 54 43 
48 
18 
51 20 56 17 
57 10 
52 22 61 49 
57 24 
50 
42 14 16 45 
45 18 49 
65 68 
31 
54 
56 
67 2 
47 
44 
71 
52 15 
67 4 
60 1 
34 34 28 31 
70 
69 
36 
43 26 
19 
24 24 
21 
63 30 
55 54 
73 73 
56 48 27 
69 31 16 
47 17 
28 
48 6 49 54 
53 54 
67 10 
54 23 50 51 
63 
59 34 
41 9 15 42 
32 
49 51 22 49 
73 8 
47 45 14 17 
44 43 22 0 
45 79 46 
71 
19 
41 6 41 
27 2 28 
33 29 
28 
43 
73 69 
28 57 27 
60 32 
27 
45 47 32 47 15 
51 50 50 
63 56 
54 24 27 23 51 
60 
37 36 9 12 38 
21 17 20 
45 46 46 
59 2 
55 63 
40 27 43 
69 
44 
39 11 
28 
54 
41 
68 62 6 
36 12 
62 49 
69 
58 
66 
45 46 45 46 
74 
38 1 
67 68 
73 10 41 
21 
30 34 
40 44 16 8 50 
51 50 22 
40 3 
50 
72 
49 20 58 45 
54 47 47 29 53 
18 
56 59 
61 
18 
43 32 19 38 
49 15 45 15 
46 15 
26 27 0 
54 29 10 
69 
67 3 
45 44 46 6 
71 33 
46 15 11 
67 6 42 66 
21 
64 31 
48 
29 50 52 17 
27 1 27 
23 17 
25 52 30 
51 11 52 48 
72 49 61 
54 19 
46 17 13 79 
59 32 54 
61 62 64 
63 62 
28 26 55 3 30 
51 27 
46 23 
25 58 37 27 
54 24 
50 28 
41 5 12 8 43 
53 
26 29 56 15 
64 34 
40 11 15 
33 25 32 
74 
65 23 13 
58 33 58 29 
69 
57 56 20 
51 54 
69 37 
27 1 22 
27 
63 60 
51 53 40 
72 72 
58 55 
37 17 20 26 
41 17 11 3 
31 
69 28 19 
50 11 
73 12 
72 35 
59 
24 
74 48 
56 53 46 
58 
50 26 22 
40 
39 13 17 37 
33 29 4 
23 
60 34 27 
60 
44 3 
64 63 36 62 22 
18 
61 32 
50 
57 57 57 2 
46 19 16 
61 41 
61 3 
29 
59 59 
61 23 44 
55 51 0 32 
44 9 3 44 
44 
56 
67 40 
42 
24 
32 5 
39 37 12 
69 68 
22 
34 60 31 12 
56 
58 21 
59 
48 
42 10 23 41 
31 
58 30 55 
53 
58 34 27 
31 27 33 78 
42 1 
73 
41 44 13 44 
50 
18 
51 
34 
39 37 
18 
66 67 
27 7 
19 
47 1 12 16 
41 
30 
48 15 
37 
56 59 56 56 2 
54 53 
63 
32 6 
57 58 59 
72 28 
46 20 49 
60 30 
19 
34 60 34 51 
59 45 
64 30 63 38 
60 29 
62 8 
53 68 49 
41 6 
62 
36 2 
31 31 0 14 
27 58 
34 37 
65 
64 33 
43 5 43 41 
49 53 23 27 
67 
27 25 29 
71 70 
19 
60 8 
58 
48 
67 
21 
40 23 53 10 
20 
30 40 34 
35 
35 7 36 37 37 
69 13 
41 47 6 13 
53 51 52 21 46 
51 
60 43 
47 9 4 48 9 
23 
62 49 68 
66 
67 0 
69 6 
41 11 25 42 
52 53 
20 18 59 26 23 
60 26 
34 33 8 8 2 
29 
64 1 
58 57 26 28 34 
73 33 
33 7 8 8 
40 
30 37 31 3 
19 
47 47 64 
26 56 
31 
69 
48 24 10 
63 53 
19 
39 10 38 14 5 
45 45 
36 5 41 0 
36 12 
56 4 31 30 55 
38 
55 16 1 35 
58 29 
46 18 
35 37 
29 
36 2 2 
60 
37 37 37 47 39 
72 
30 32 6 
69 8 36 
56 2 
56 
32 
58 
59 58 75 15 56 
55 8 27 
27 10 76 29 51 
25 2 
51 
37 38 15 
54 22 53 34 5 
66 23 53 
70 11 
18 
47 21 5 50 
37 0 5 
49 10 14 
70 
74 31 
41 
49 45 37 17 
62 1 37 
40 52 
43 26 15 
33 
52 
45 50 
58 56 13 
27 57 
54 17 
29 54 27 
38 52 
39 14 12 
48 
44 43 19 38 
41 40 23 
26 31 48 33 29 
50 
63 31 63 
36 8 34 38 
68 
27 26 
68 25 
33 
37 
19 
38 
74 
29 
23 
24 23 
71 62 
42 
74 
46 52 
56 48 
29 27 
60 
45 45 
45 45 49 24 
51 18 
35 12 11 17 
46 45 
41 45 20 44 
44 
55 30 31 50 59 
74 
52 35 
66 13 
52 21 26 1 7 
22 
60 14 60 45 
40 4 5 17 
18 
63 39 
44 42 25 13 
29 26 17 
21 19 22 57 42 
67 44 
28 32 3 54 
60 
72 
55 12 56 
32 
56 7 13 
61 
48 
25 26 
30 33 22 34 27 
53 42 
45 23 
66 
41 44 44 26 
59 32 
72 5 
72 43 
58 
36 
65 3 
46 0 6 17 
57 25 
44 9 5 40 
32 29 
69 68 
33 
59 66 77 57 
52 
52 41 16 31 
23 
37 17 
33 32 
33 63 58 
45 29 
25 20 31 5 
18 
65 
52 48 15 
65 
67 
55 28 0 17 
62 60 
48 9 9 
21 
59 46 58 
61 
49 
24 
36 27 6 0 
59 60 57 
36 41 40 26 
27 29 
58 
46 28 47 
18 
58 
26 28 
40 4 4 43 29 
43 
44 2 25 3 
18 
46 49 48 0 
63 30 
41 61 17 
54 50 16 
21 
40 49 40 70 41 
63 
68 
26 26 26 
55 2 
74 
59 62 
67 
25 
51 11 24 54 77 
32 32 36 
36 6 8 9 
48 27 5 26 27 
60 
58 
26 
31 31 
66 68 69 
70 12 17 
36 
74 
64 42 
53 
63 55 
71 73 
66 56 
36 
63 
58 55 
55 
38 37 60 
31 
32 2 30 3 
47 
26 28 23 26 
23 
39 41 39 3 35 
19 
61 63 
58 15 48 
49 49 22 11 
52 51 
54 25 47 
33 8 
34 23 4 3 30 
50 
51 17 5 
42 6 40 
41 29 48 13 
56 21 15 
20 
35 59 
71 31 
67 16 
73 9 
56 28 
54 18 
40 
34 
48 45 19 26 46 
47 
56 7 8 
38 36 29 41 15 
64 24 
69 
36 
43 42 
67 40 
62 21 64 17 
59 
64 36 
37 37 38 36 46 
66 35 
37 1 38 6 39 
18 
62 7 
55 48 
56 20 
67 69 23 
28 
53 
73 
62 
24 27 
51 53 
54 11 54 25 
34 0 26 30 
44 46 40 42 49 
22 
46 17 
43 
56 
49 
46 9 
41 40 0 
25 49 25 
21 
40 
32 28 
66 36 
56 58 
43 43 14 30 10 
74 
73 74 
38 11 
62 
52 
74 
74 
22 
46 
50 54 40 24 32 
34 39 35 50 
47 55 31 17 22 
59 57 
33 0 
65 67 
52 
32 
58 51 
45 32 6 20 
53 54 4 19 
31 32 
48 47 8 2 26 
43 
74 
61 14 
53 50 23 53 
63 9 
44 12 43 
51 13 50 17 
65 67 
52 
61 33 
29 
30 34 
35 
35 40 33 32 
48 16 
22 47 
24 
72 8 
52 54 54 31 
22 
39 
31 
56 6 56 57 
42 
61 
53 54 
33 
50 17 58 
23 
66 66 
56 17 6 43 
71 
62 
61 62 
38 
32 30 4 32 
30 26 1 10 
43 24 32 23 13 
69 25 
71 70 
52 
54 
56 69 
41 
41 
50 54 54 46 
53 58 30 
52 
62 34 
26 1 
53 25 
51 53 50 24 
36 
22 58 53 49 
40 
23 
29 
18 
22 
52 53 22 
46 48 53 
56 57 6 
68 
30 32 57 
24 
30 34 6 
71 16 
56 
29 40 25 61 26 
22 21 
30 
40 26 48 
37 29 3 
55 44 55 53 
43 
45 
23 15 10 16 8 
63 63 37 
62 
39 39 38 5 
71 11 
60 3 
72 
72 79 
20 
36 36 14 27 
54 10 
36 37 
41 
50 11 
36 39 
23 24 16 48 
56 
50 
27 
70 41 
52 
53 52 
38 36 39 38 
32 10 
57 67 
30 31 
61 22 
31 
63 
27 26 26 
45 16 11 24 19 
41 
54 17 21 23 8 
35 
42 36 
45 
28 56 26 1 
33 34 34 
53 13 48 
45 49 
27 23 
66 43 
53 
28 29 
47 
20 
48 38 49 27 
45 
40 45 4 
30 43 
39 35 3 79 35 
50 3 39 
64 57 10 
52 23 
41 64 42 16 
68 61 
37 
45 
65 
53 54 
40 40 14 31 39 
54 51 
19 
46 26 32 9 
30 6 
71 48 
33 
65 65 
49 48 24 
58 
45 15 46 14 
56 55 
33 
60 25 61 35 32 
56 56 
28 28 29 
30 6 8 9 7 
28 
47 45 
43 
56 5 
63 33 
25 35 
58 4 
36 38 
58 52 59 
46 20 19 49 48 
51 45 11 22 23 
36 8 
44 37 17 9 1 
59 7 54 
49 30 3 9 
56 23 30 
42 11 
61 63 
41 15 
42 43 
46 41 5 22 19 
43 
51 15 50 
60 65 61 
64 58 
33 34 
66 40 
57 25 58 
30 41 
57 56 
55 61 
36 32 4 37 
24 23 
49 46 12 48 
37 11 
60 
27 29 27 2 
69 27 
18 
59 30 23 4 
58 78 
57 28 2 28 3 
52 17 
32 33 3 
28 28 0 27 27 
47 
29 4 
74 
36 36 27 
72 36 71 
58 
33 
53 0 47 55 53 
66 2 
57 48 20 50 
73 27 
46 17 46 43 
69 31 
65 
46 
38 5 36 
51 56 
67 65 
44 
30 0 33 
51 51 
42 46 
41 49 6 41 3 
22 20 27 
53 50 24 
62 
27 
41 
42 
41 45 38 
50 23 
61 31 
36 43 
18 
50 40 19 51 47 
23 
54 37 15 
28 
61 
61 33 
38 6 
60 
50 25 
43 37 41 44 30 
55 
63 
66 
18 
51 41 
43 
42 37 40 
44 15 44 21 37 
45 
63 29 63 
59 34 59 
41 17 1 6 14 
47 4 45 49 
65 
73 
47 49 
55 27 57 
51 
72 
68 44 
54 
30 
56 
49 47 13 23 26 
46 31 
32 
52 50 
60 33 
69 
50 46 
48 53 22 10 
21 
67 69 
35 43 38 5 
58 16 
49 
30 2 
73 
68 63 73 32 
49 11 54 49 
56 48 34 
31 
41 28 44 40 
41 52 42 
31 39 
71 71 
25 32 29 27 
57 45 46 25 
73 16 
30 
74 
54 
53 
31 25 30 
38 56 36 
47 
69 60 
38 37 
40 32 6 47 
56 
41 
66 67 
57 55 
72 
66 66 
61 28 
72 
49 46 49 
61 62 56 
56 
25 
43 17 5 38 
35 33 
35 
30 13 
28 26 25 
37 13 43 3 
65 
25 25 48 
19 
58 10 
51 52 50 
28 22 
26 
53 12 
60 40 
32 2 1 31 
30 
52 20 
66 11 
54 11 51 
55 52 12 
34 0 32 63 12 
38 
43 
29 
71 
51 7 50 
28 
71 77 
36 
32 27 34 5 
31 
30 
44 
58 16 57 
43 6 11 31 21 
42 40 11 
51 52 12 75 
41 30 36 42 43 
38 0 
44 26 
52 53 51 45 
41 26 11 1 
47 
74 37 25 18 
65 
61 8 
63 
48 49 22 
33 11 64 
42 
64 6 
19 
48 
38 37 35 
65 29 
52 17 
57 
58 16 
53 55 
53 3 
62 
47 
51 26 8 53 
70 70 
69 
21 21 
68 4 
42 30 66 
53 49 
44 6 15 
35 37 12 15 
19 
32 
44 7 43 27 
44 11 21 
73 
53 29 39 1 
26 
55 58 
61 49 
63 59 
56 
22 33 76 24 
50 
26 22 
40 32 46 36 
48 45 19 5 29 
27 33 
46 12 24 17 
30 
46 52 16 40 
54 53 29 
58 59 
57 54 
69 
49 46 46 16 
37 
48 19 46 11 21 
40 
57 
65 22 
25 29 
70 33 
18 
29 54 
40 53 42 44 
52 50 52 
57 38 54 
44 29 5 38 
51 9 26 
74 35 
51 48 
60 3 
47 53 8 18 14 
33 
23 24 41 
59 
29 54 16 
33 
65 1 
44 
44 74 42 66 
37 36 37 
52 20 
55 
54 78 
53 52 
18 
34 31 34 
62 32 
21 24 
19 
26 
53 14 
72 
74 5 
68 67 
64 64 
63 32 60 
44 49 42 16 
41 
23 
58 42 
57 28 55 59 
40 5 
47 21 15 21 
19 
48 14 25 
51 77 21 
34 
26 
38 
74 
55 
42 7 41 
27 26 25 
63 10 42 
61 5 
42 17 
22 
36 
57 33 
38 30 
28 
45 22 17 22 
32 
44 
19 
48 16 71 41 
18 
29 8 
29 12 25 52 
49 
21 
68 
54 53 45 16 
45 
67 25 
42 
62 72 68 
64 30 
29 23 26 8 
45 
71 42 
37 30 
42 
30 
26 27 
26 14 5 
74 46 
30 51 0 30 
52 11 21 
52 26 
52 27 
44 47 6 42 
58 55 
66 68 
47 35 48 
64 64 0 
41 
51 3 
51 27 
48 
21 25 21 17 
74 
51 27 
30 17 12 
62 34 
39 46 37 
63 4 
30 
20 
29 29 
63 59 62 62 62 
38 
71 66 
66 
44 
45 
46 29 
34 37 
33 33 1 
64 31 
20 
37 4 36 37 
40 
20 
50 50 30 
47 58 48 5 
51 53 53 50 16 
48 17 
66 
31 
28 
52 52 
42 
65 36 
74 
46 40 42 15 
32 
73 46 
67 24 
62 62 
36 4 36 37 
67 31 
54 62 50 
41 
54 
24 
67 
32 
44 32 44 19 
66 
69 42 
24 8 
52 40 26 
58 15 
30 32 3 6 
70 73 65 
59 68 58 
62 
26 
56 
56 25 59 50 
34 30 2 55 
55 
46 47 
67 
47 
46 
44 42 
32 
35 36 13 42 1 
58 46 56 59 
25 
47 17 24 
25 59 48 
27 
36 6 38 6 
43 43 
36 37 
71 
62 
59 1 53 49 
38 48 19 
36 35 
58 
34 34 
47 53 
67 
33 32 30 34 
54 
44 19 44 66 
62 62 
31 
32 
30 
26 25 
23 
67 60 
36 6 38 39 
66 67 
62 
59 49 5 3 24 
52 50 
51 15 7 
42 50 
40 22 11 62 
74 
49 26 31 52 
48 12 47 28 31 
55 58 59 57 
51 21 57 
72 13 
45 
35 37 13 
48 46 17 48 
25 4 52 28 36 
68 31 
40 21 
61 11 
55 
43 43 13 
29 52 50 
20 
29 0 50 
46 19 21 
60 25 
57 59 
72 66 
39 31 
61 
23 
20 
43 16 14 
57 0 
24 
50 16 
36 37 
26 
31 
23 
62 36 17 
63 42 
61 7 
25 34 
33 
49 1 
25 17 
21 
49 16 22 46 
51 43 16 
63 33 
71 9 
33 39 
69 37 
44 44 17 31 
72 
53 
65 9 
31 34 32 30 
72 72 
22 
65 66 
52 51 
35 37 36 
40 48 
39 16 
40 
55 46 
25 26 
60 62 
45 45 7 
48 45 35 17 45 
41 43 14 41 25 
58 46 15 
37 36 38 
43 40 
52 
56 7 
47 27 44 47 24 
73 78 
54 23 5 29 
37 11 
48 41 12 47 
24 
70 11 
45 15 6 
44 12 18 17 
52 27 
48 20 38 9 49 
20 19 
21 
48 6 46 
36 41 
71 37 
36 30 
46 46 47 
25 29 
72 
29 0 53 
61 61 
52 48 
48 12 12 23 
36 10 36 3 12 
48 17 
62 
48 49 12 78 23 
49 15 
73 2 
35 15 36 
58 29 
64 63 27 25 
65 66 
63 73 27 
20 49 
48 19 23 12 
51 28 
37 
26 43 
73 51 
64 27 
46 
72 
47 31 46 48 59 
49 13 
52 13 27 52 
28 49 
46 15 48 
60 63 
49 17 24 16 
54 49 
67 21 5 
58 
51 47 
32 40 
67 
57 34 
60 34 32 
26 
55 4 5 13 66 
32 
71 7 
32 30 
32 30 
19 
26 28 
42 3 36 
35 18 7 
39 
22 
42 41 22 13 16 
18 
45 11 58 45 
20 36 21 49 
39 
71 
50 19 27 16 
52 23 15 
50 55 3 15 
39 30 35 35 1 
33 6 6 32 
29 25 27 
46 16 
40 
68 
66 61 
43 
52 
37 4 
34 7 
28 54 
47 20 10 49 16 
62 6 
32 0 33 32 31 
53 19 37 51 32 
23 
59 16 63 15 21 
36 6 36 36 
62 1 36 
30 34 0 30 
59 
48 8 53 43 11 
41 
34 39 29 14 
26 26 20 29 
52 58 16 
58 50 4 
22 27 
43 4 17 32 
58 25 33 
61 68 
43 13 2 32 
52 27 53 
72 69 
61 26 
65 7 
52 
39 
50 12 46 
67 30 
29 
35 32 35 
60 
42 
19 
24 20 
39 32 53 30 
36 10 35 
36 31 
39 
70 39 
53 
31 
71 7 
73 0 
56 28 
34 34 
38 37 31 8 
22 
69 20 1 
26 28 16 
21 54 
57 5 51 
30 31 
50 48 23 
58 25 59 63 
31 11 10 
42 
41 
63 13 
26 
32 
50 54 54 
64 
70 77 
19 
23 48 
37 40 42 
42 43 44 
33 
19 
46 
41 31 8 
33 62 25 31 
23 47 
28 53 20 
36 10 8 
64 5 
73 58 
69 43 41 
55 33 
30 
70 
50 59 56 
52 58 
37 
38 
22 
64 
58 58 
48 45 15 12 45 
66 67 
35 
74 69 
62 7 
69 32 
65 
30 1 32 35 
51 
25 
22 49 53 
30 
29 
35 36 69 28 
67 10 
53 52 9 14 
26 
36 16 3 
30 32 
21 
46 
35 10 36 37 
64 30 
19 
23 25 4 21 24 
73 
31 37 30 
52 2 12 11 
46 37 
28 
40 30 7 
44 
18 
62 28 
57 59 55 
55 
48 
38 
45 6 15 
35 35 0 45 
27 
31 25 6 
18 
42 
36 38 
43 30 40 
22 
40 
19 
58 20 
41 12 42 2 1 
69 
20 49 51 26 41 
35 36 38 28 
26 26 9 
45 31 
55 21 
68 36 
58 59 
35 40 32 34 
67 
57 67 25 
46 48 54 46 
19 
44 9 41 42 42 
66 25 
36 2 
32 0 7 30 
67 
32 8 
57 10 
38 32 27 7 
52 31 
21 28 
32 
30 39 7 61 
57 23 
43 44 13 16 44 
54 54 54 
49 6 16 11 16 
32 40 64 
33 
63 9 
27 
51 11 
74 
50 18 34 29 54 
69 
55 2 
51 
32 33 
37 2 41 35 
51 32 
42 
27 26 29 33 4 
51 
35 34 42 
54 59 52 17 
50 
33 33 
39 
64 
40 
31 32 2 7 11 
24 
53 57 
43 29 42 
35 37 3 36 
36 41 31 0 38 
31 61 36 
27 22 
46 
36 36 
33 26 30 
59 3 
34 
48 
51 51 
49 
19 
29 60 
56 45 16 
52 20 
18 
52 51 
41 43 43 9 
56 31 
53 
33 59 34 36 
59 24 54 17 28 
65 11 
21 20 34 23 
49 6 
34 0 25 31 7 
55 31 
33 32 
50 50 
22 
40 7 12 40 
51 
44 43 11 
50 24 11 
33 4 12 32 
32 
19 
53 
70 
59 15 55 
56 
26 
64 
27 
19 
51 14 45 50 
36 50 12 4 
40 61 41 
64 32 
49 49 11 
27 0 
59 54 16 
20 
25 27 19 32 
65 33 
44 24 22 
45 
43 3 
58 
48 30 15 11 
19 
50 
69 69 
49 18 
56 59 
50 50 
63 50 
51 28 
37 41 14 7 61 
57 49 29 
58 26 0 
45 
43 
69 
32 
39 45 27 2 
43 7 
61 
47 15 18 
21 16 
50 4 27 29 
71 
21 6 
46 
52 50 50 
60 44 62 
32 0 4 33 31 
56 55 16 
73 73 
63 34 64 61 2 
42 37 27 11 
28 52 
56 
33 6 
31 33 33 29 
48 43 49 27 45 
43 51 1 44 16 
72 
60 
18 
56 58 5 
74 
32 
60 61 15 
48 
39 
68 66 
73 71 
46 76 28 19 
34 6 10 60 
68 68 
57 55 37 25 
33 
42 12 12 45 
64 5 
64 43 69 
22 31 
18 
54 
40 11 44 14 43 
48 48 28 16 
51 54 
72 4 
41 45 5 12 42 
63 
48 26 44 
31 
38 
34 
62 64 
67 0 
33 0 30 
70 
18 
28 51 
24 
55 56 25 26 65 
58 59 3 
58 58 9 
55 9 49 
71 75 
31 32 
44 43 51 41 
36 
50 15 
48 12 11 
57 27 31 
67 
47 
37 7 42 43 
39 
63 
37 13 
36 26 38 9 
38 
47 
57 11 
37 3 8 
71 15 15 
61 
41 
29 
29 
47 49 54 
59 28 56 
65 
53 32 
59 
59 36 
38 43 0 
47 5 45 15 49 
71 
37 33 31 36 
36 36 37 69 
18 10 
32 34 
33 6 30 
19 
31 33 
45 
44 24 17 52 
63 
48 11 16 42 22 
22 
51 5 
47 48 47 52 
63 72 34 
37 32 2 32 
40 41 17 40 
51 57 53 
63 26 60 61 37 
60 37 2 
46 25 
69 37 65 
60 
73 29 
40 15 50 41 28 
34 38 6 7 8 
34 1 30 2 31 
43 1 44 6 
66 
29 
58 57 
56 32 67 
21 20 
25 29 
46 16 8 17 19 
61 25 60 
29 15 
36 17 21 
51 20 
70 
48 44 14 12 14 
70 
32 4 
48 48 23 11 
54 77 5 
44 
29 1 25 
64 63 
43 
64 
45 45 24 
47 
31 40 2 2 
73 
35 25 12 
51 
30 33 37 26 
45 46 20 6 
37 
29 
54 75 52 
54 16 20 48 
35 
67 16 42 
41 
52 
54 3 78 
19 
64 35 30 
61 26 
49 28 52 16 
72 15 
19 
51 38 54 73 0 
63 29 
51 53 54 
61 61 33 
67 71 
27 
34 15 14 6 3 
43 31 
36 13 34 19 36 
24 
31 
69 
66 68 
37 36 38 37 36 
33 32 
67 28 
70 25 
31 32 33 38 30 
25 27 
26 
61 1 34 
19 
57 28 
19 
62 
21 
53 21 
48 
58 58 55 
72 14 
37 41 9 36 
61 46 63 20 
30 32 2 
49 42 47 
61 60 13 61 60 
64 
32 
47 
32 4 28 
30 30 28 
37 9 31 30 36 
31 
38 33 13 9 
56 
63 
27 27 49 
23 45 
53 48 30 
20 
23 
52 8 16 44 
18 
70 71 63 
48 48 31 
68 73 
45 45 12 
19 
37 
31 
51 11 43 
46 47 
64 33 
50 
57 16 24 14 
71 6 
47 51 48 
49 45 
50 53 
69 11 
23 
57 58 
50 22 
36 16 12 16 
56 
73 
73 44 
70 
48 47 29 16 17 
50 36 21 
37 67 
74 72 
27 58 25 17 28 
38 37 4 1 
41 13 15 43 
47 
53 36 27 
61 60 60 32 56 
23 
36 13 8 10 
45 16 46 13 15 
64 
50 10 
26 
48 6 24 
25 
44 9 2 18 
42 
22 
60 4 
20 15 
70 
44 23 11 7 
51 55 
43 
48 17 
51 48 24 5 
60 
42 
66 46 
64 63 
74 64 
42 
71 44 
22 
19 
26 
20 24 
51 25 
41 44 6 48 
26 28 58 
39 
57 58 26 
65 
49 
69 67 
30 8 
36 9 26 
59 31 
32 
26 
49 7 15 
44 11 0 8 10 
62 
27 
30 
63 62 
43 
63 32 2 
39 
55 
43 42 42 31 
48 
46 
56 
21 32 
59 22 
32 36 9 8 
43 
74 14 
42 40 43 35 
56 49 
52 
69 67 
31 
62 65 
44 3 7 5 
50 27 29 
57 62 
56 58 14 
61 
32 5 0 
50 18 15 
41 
58 16 
66 14 
50 
59 22 
39 34 7 12 
29 25 26 
30 36 
61 4 13 57 
44 9 
53 55 23 52 
31 8 
53 49 
53 50 2 
42 30 37 8 
20 
47 49 1 68 14 
36 6 0 35 
31 4 33 
32 
18 
25 22 28 
62 
30 11 39 19 
54 70 29 52 
29 9 
46 16 32 12 0 
49 10 
67 
54 14 17 
23 45 
37 10 2 
69 29 
24 
20 24 
42 
47 50 15 4 
40 
59 2 
62 59 49 0 
58 33 
58 51 57 45 45 
48 
34 
74 48 
25 
51 15 40 77 
27 58 
31 
47 15 8 46 
64 
37 
46 
60 33 34 
63 60 
25 
46 16 13 13 
56 35 
60 62 
32 24 
63 
51 25 
47 24 17 
55 15 
60 27 
40 36 
30 
56 17 
22 
68 35 
42 44 31 42 
69 57 
42 16 41 
27 11 
50 30 
64 63 
47 36 47 46 16 
54 
49 16 
27 26 
58 30 
37 
43 
46 20 
54 
52 50 2 20 
42 28 42 42 11 
58 4 
65 27 
65 
55 
56 15 
39 
18 
34 6 3 2 43 
54 15 18 
59 17 50 
22 20 
41 
62 
70 12 
50 23 
41 37 39 
29 27 58 
24 
38 2 31 37 
36 38 5 
74 
43 9 15 12 4 
69 5 6 
73 
63 21 
67 58 
64 22 
22 48 23 16 
69 
28 
65 
36 36 7 
24 19 
66 65 
42 37 11 43 
38 
49 16 
61 16 36 
56 21 22 4 
19 
44 
42 
56 16 
54 
65 
72 
47 12 46 21 
35 30 16 12 
35 5 1 
36 40 3 69 
49 
46 
53 15 29 21 
66 68 
72 48 
50 
40 
46 8 44 19 49 
37 32 
64 
43 
47 
66 39 
61 
59 25 58 
28 9 64 
33 58 
28 
46 47 2 
26 25 29 29 
46 49 11 
74 
29 16 
60 31 
68 
18 
33 34 31 
57 15 76 
58 
41 10 5 6 
68 
57 
71 73 
52 
69 
66 40 10 70 
68 
25 
74 
58 57 
41 12 52 36 
71 
45 20 
69 
70 17 49 45 
54 54 31 24 
72 
52 15 24 19 
30 31 
44 
53 22 
57 22 
26 
59 57 
63 
37 31 36 8 
44 43 44 0 
55 
44 48 12 17 
52 11 
60 16 
40 
23 
26 
46 51 41 63 47 
50 11 57 54 
39 0 46 
52 9 52 
32 
31 
55 75 
71 6 
38 14 34 1 12 
51 6 
69 34 
72 
30 
69 
36 39 5 27 
70 9 
57 13 
48 0 46 19 16 
18 
46 18 28 23 
30 4 
29 28 56 28 62 
55 21 
34 32 3 2 34 
63 60 
56 64 
47 15 14 54 0 
50 
74 64 
19 
31 0 5 55 30 
49 57 57 27 50 
68 69 
39 60 5 
65 36 
72 17 
48 45 
34 
52 
36 
72 
74 64 
54 
42 6 29 14 8 
73 11 
68 
33 31 31 34 
58 
52 9 58 
52 52 33 14 
60 
57 
63 
64 
49 18 48 40 
43 
45 30 47 46 
74 
51 13 21 
46 47 47 22 53 
41 17 
38 
56 27 
29 
18 
52 18 24 22 
50 
46 18 16 17 
58 5 55 
34 
20 
59 28 
34 9 6 
43 19 5 
55 54 
34 9 37 38 
50 28 
28 25 
25 51 
56 34 
55 4 10 54 
35 37 5 38 
63 59 
70 70 70 
50 15 
35 10 9 38 
55 53 
55 50 
32 4 7 4 
26 28 
35 
33 37 
27 
28 19 
55 45 4 
52 
41 
52 
49 
68 1 
54 29 
37 
37 
54 21 24 
55 56 
39 30 37 4 
30 
42 8 18 10 
36 11 
59 23 
55 37 58 
51 
33 26 34 4 
52 17 13 
68 75 37 
56 16 58 42 
29 28 
71 
48 22 47 
62 31 
34 73 30 32 
36 43 
18 
68 46 
45 75 
26 9 
46 47 
53 3 46 
37 42 
73 68 
72 26 
46 15 
67 
62 27 
30 
48 26 3 16 
73 27 
57 
29 
52 59 24 41 
36 38 0 1 
37 
35 
28 
39 35 
44 
71 12 
55 26 
43 40 
70 67 35 
48 
45 
50 49 26 59 51 
64 20 63 
50 52 54 22 32 
35 37 37 4 
68 
74 
67 61 
70 73 
66 
35 0 19 0 4 
64 
44 13 10 0 
50 22 78 29 
66 
49 31 28 
55 8 28 32 
48 
51 28 
37 14 36 4 
61 61 
37 3 15 3 
42 9 6 27 
51 
37 37 
51 
34 8 31 20 15 
29 28 
54 22 59 53 60 
44 43 75 14 43 
66 40 
51 16 
42 24 66 9 
66 
62 28 
63 15 37 
31 
62 
22 
53 10 50 24 
71 65 
19 
37 3 38 31 
18 11 
30 1 
71 71 
67 4 
34 30 
43 17 21 12 
63 
36 7 1 
47 27 28 14 23 
53 15 14 8 
43 36 1 41 
18 
61 72 
50 
51 50 
58 59 
38 
31 37 32 63 63 
53 
44 41 41 44 15 
38 12 64 12 5 
56 56 2 4 59 
47 
32 31 
63 
46 18 
36 
34 58 
20 
26 
42 43 32 38 
39 13 38 19 
48 10 16 
73 13 
28 27 
43 41 43 36 12 
27 
53 21 
49 56 45 12 6 
63 35 28 
31 7 34 61 6 
59 26 29 
69 20 
56 5 25 57 59 
68 69 
25 26 29 
40 13 42 8 
39 43 28 36 35 
37 52 3 10 
46 
46 45 
50 47 
20 17 
62 64 
40 10 
38 14 12 37 
56 28 
55 58 
19 
69 7 13 
48 
33 41 56 
20 
38 30 32 
46 45 21 49 
60 9 31 50 
49 19 47 
45 15 24 12 
37 5 64 36 44 
69 63 
51 53 20 
49 48 19 
47 13 12 14 
66 
35 
30 
59 38 
51 
50 48 
53 
65 69 
44 42 
58 28 
56 19 
49 27 40 
30 
63 30 
38 
26 29 4 
46 38 16 44 
34 1 30 32 
55 59 
55 
57 57 57 
25 
72 
48 19 57 9 
57 0 
70 35 
37 
47 
38 37 
35 2 30 
47 25 
70 
29 
67 66 
56 62 
35 4 4 16 
18 
40 43 40 55 39 
52 58 50 52 
58 26 
48 23 17 49 
53 
54 54 45 51 
36 36 
52 11 1 21 48 
59 55 
65 14 
61 6 
61 
57 36 
62 63 
54 23 
47 25 
44 7 38 4 14 
19 
29 
56 
30 34 2 
43 13 31 40 
72 36 
61 64 52 
41 10 6 
64 
34 33 1 37 
65 
52 51 50 52 
62 4 
22 28 
54 52 53 50 17 
51 51 
39 10 36 45 
41 
39 5 37 
47 25 24 
73 
46 48 23 0 
42 12 16 31 42 
56 
23 30 
48 45 10 56 
68 
19 
52 22 
29 46 26 28 
39 
32 
53 10 53 55 
34 37 
70 16 
38 39 42 1 
50 13 
51 
26 51 25 52 25 
35 
63 26 
66 8 
70 8 
28 
68 
46 30 28 
34 0 33 33 
47 
37 10 43 66 
40 
44 41 42 43 
29 5 50 25 
38 9 35 35 
64 
48 44 
42 7 54 
57 
64 4 
37 8 37 44 
41 9 44 28 
64 
45 21 19 46 26 
57 
40 
35 39 2 
63 
73 
34 
19 
50 
53 45 
57 50 
41 7 14 
26 
41 
28 5 
64 3 
68 1 
42 19 8 44 
51 50 20 19 
46 29 47 
50 
52 22 53 
37 6 
63 59 
30 
42 14 17 11 
40 5 18 9 41 
55 16 
30 
44 17 9 17 
57 
19 
44 12 49 44 
60 63 
27 60 34 28 56 
44 17 1 
51 1 
50 53 46 20 
62 34 
54 31 
57 
34 4 34 30 15 
30 9 34 
21 53 
68 
45 49 17 14 54 
63 30 
41 28 41 16 
43 5 
19 
70 56 
48 
61 
60 61 
49 17 11 49 5 
45 47 18 5 23 
22 24 15 32 
73 42 
49 19 
66 
61 62 
19 
26 
54 15 
74 
31 4 
37 31 
56 27 
54 46 
31 25 1 6 
62 66 
44 40 17 6 
27 29 
51 26 54 
25 50 29 
57 20 
21 
50 11 16 
45 14 22 51 
58 58 57 
37 11 36 28 
31 21 2 
36 40 
31 34 31 31 30 
48 10 49 49 54 
71 
33 
49 
41 43 8 
48 6 17 
53 54 
55 20 
46 10 23 14 
65 
66 16 
49 11 47 
20 
68 
62 
67 
68 50 
61 
49 
60 11 12 0 20 
59 
68 
30 30 
25 
65 
59 59 
56 
53 29 
39 35 27 4 
59 27 6 56 45 
58 68 57 49 
53 
30 3 33 30 0 
57 5 
39 31 1 10 
37 12 37 37 37 
18 
54 54 
19 
53 13 14 15 
54 
66 1 
62 
72 16 
45 58 16 
38 
46 
47 11 4 
73 
51 
67 
52 11 
60 30 
54 
61 63 
59 
65 
58 
32 28 41 
41 65 38 
49 49 
41 21 42 23 
60 1 
73 67 34 3 
40 
57 57 
27 9 
49 
28 21 21 27 
51 57 53 46 
29 
35 37 35 4 
45 
30 
42 41 3 32 
30 42 30 28 
59 20 27 
26 46 51 29 
49 17 15 
63 30 
39 
32 
27 25 
55 
58 
56 
47 48 
43 12 65 49 
63 13 
37 
55 58 18 
50 44 15 52 
40 40 13 30 
21 19 23 
57 
68 8 
33 4 7 
22 
37 52 14 36 37 
69 67 
25 23 
73 
57 25 17 38 10 
21 
58 4 
41 
28 
23 
57 33 4 2 57 
21 
58 52 23 
55 63 57 
50 
49 
60 33 58 
28 53 
48 19 40 
32 
54 
55 57 75 24 
21 
74 
22 47 
30 28 7 3 
37 4 34 5 35 
64 7 
38 0 43 
33 13 12 3 32 
55 4 
60 54 
35 
21 
43 13 12 20 
74 13 
72 12 
62 39 4 
28 
37 
20 
55 24 56 24 
50 59 
69 18 14 6 8 
20 
20 20 
38 1 2 2 
38 36 5 36 
55 
42 8 39 17 33 
61 
34 0 
35 37 0 37 35 
68 
74 
33 
49 
40 22 44 19 
40 
48 47 31 54 
63 31 
67 43 
67 
55 4 
40 49 51 10 14 
26 
54 50 54 
70 
70 
43 14 38 11 
69 69 
72 70 78 
56 59 
44 4 28 47 
51 
23 48 21 23 24 
25 46 25 22 4 
54 5 
48 23 17 17 40 
48 
48 22 19 
40 44 41 13 
45 
33 7 9 8 
37 65 3 
54 
69 
47 14 15 45 
34 
48 12 13 6 19 
36 13 9 
55 26 58 
57 
62 
20 
46 
45 50 16 17 
28 
70 44 
49 
26 26 
50 
28 
38 9 1 
22 
45 
55 12 55 16 31 
59 
46 40 27 47 49 
46 17 21 
60 11 74 3 60 
25 0 
56 10 
44 
33 16 
45 17 
46 15 46 45 
22 52 
67 14 
62 36 
62 18 51 32 
51 10 54 
25 29 
36 8 
49 
37 2 
34 38 3 
42 
48 72 16 
41 
20 
59 8 
56 55 58 16 
48 23 21 46 
71 65 
57 
56 9 
35 10 37 
59 57 
45 47 
53 13 26 
59 31 
62 
29 
57 33 45 
21 51 
50 12 
72 
69 65 70 
59 26 
31 34 33 
50 24 59 
40 
61 
59 7 
56 19 43 56 
54 
54 24 47 
61 32 
47 19 19 26 45 
49 17 
50 49 52 
58 
25 29 56 60 
19 
33 
20 
46 16 15 15 21 
45 22 49 42 14 
68 
68 
57 
72 6 
32 
24 
47 49 
28 22 21 
32 
68 31 2 
31 35 28 
60 
70 
64 30 
46 46 41 42 17 
74 
60 63 
41 11 17 25 10 
61 7 
46 
41 27 42 
18 
49 16 14 16 
33 34 6 4 9 
28 
45 57 46 48 10 
71 44 
44 3 17 8 15 
49 
46 35 
38 
23 
27 54 
59 
55 55 
49 29 22 43 
70 37 
64 3 31 
42 5 16 36 16 
41 5 
58 24 
45 38 22 5 
65 
58 20 26 
43 44 22 36 40 
28 
55 53 
36 7 12 8 
25 28 59 
70 74 
40 
74 
51 52 
62 57 
54 
43 16 37 42 
65 
73 
52 47 
65 73 68 
58 
32 
48 23 11 10 31 
53 24 
20 
40 
24 44 57 
57 14 
54 53 19 
46 46 42 49 
55 56 
53 4 
60 57 
72 30 
40 
18 
22 
57 
50 53 53 12 11 
41 10 48 21 
31 
62 31 4 
46 
67 9 8 
67 
29 
58 24 
47 49 46 
32 60 
29 29 
72 
43 
44 
49 16 15 27 
35 2 32 40 
33 28 
30 27 33 
72 23 
63 30 
57 23 13 
55 22 28 
40 3 3 
18 
34 34 
63 
31 63 42 
56 
62 62 
38 
47 27 
33 37 30 
53 20 
72 62 
26 28 
27 
74 
69 69 
27 0 26 
59 
20 24 
65 
23 
37 45 37 32 
44 40 
36 8 27 62 
33 28 
39 
60 45 
58 
59 28 24 
48 19 7 45 
51 58 22 
36 
62 59 
46 18 16 48 17 
74 
43 40 38 12 
63 24 68 
56 
59 48 46 
71 42 
35 
23 
31 59 31 
54 51 55 
49 47 19 51 51 
47 7 45 29 
49 52 0 
22 
48 46 
49 14 5 20 47 
37 26 
51 28 61 52 52 
67 
43 36 54 39 
47 35 13 
60 34 
32 
53 
70 
38 2 
57 37 29 57 
46 2 46 15 52 
34 0 
68 
74 
67 65 
54 28 
32 30 32 34 
24 23 25 
44 27 64 44 7 
46 27 20 
59 61 24 
73 
54 
67 24 
41 5 44 
42 10 
73 14 
45 49 47 
44 18 
50 
51 53 23 52 21 
37 9 5 37 
27 
55 33 
39 19 
52 15 
44 
47 70 21 30 20 
34 4 44 
19 
26 
73 29 
38 35 36 14 
54 
74 
68 
53 
58 11 16 
46 48 17 15 49 
68 35 
53 26 49 10 
40 44 46 15 
48 12 48 15 
50 22 
27 
36 5 
31 9 30 6 
41 15 48 9 
56 53 32 
40 
45 17 16 14 24 
53 42 
73 75 7 
31 62 
56 
55 13 
55 
53 51 50 
58 28 39 
35 2 3 
71 
28 54 
53 
47 47 52 19 
59 55 0 50 55 
72 
59 73 26 64 
29 
19 
47 49 
53 26 52 46 
30 
25 
60 0 
55 
60 31 30 
61 24 
61 62 
43 8 40 
47 21 48 
36 73 44 
72 71 
34 30 30 21 
45 15 
23 
51 17 52 
67 
41 42 13 2 10 
55 31 
47 
59 
38 
48 21 59 12 
37 1 
73 
46 
33 64 8 
40 
46 
33 31 
53 
61 42 31 
65 
20 24 
60 61 41 
36 35 36 
45 22 46 49 
52 17 
42 40 4 
69 12 
42 10 
49 18 14 
47 
34 7 33 
33 
53 15 54 7 
46 50 
51 
36 
66 22 
60 
59 32 75 
30 
57 56 
28 67 
31 32 26 0 
30 31 32 52 
25 18 
27 21 29 
36 34 35 
56 58 44 38 65 
58 57 
36 8 36 40 
41 
48 
35 35 32 
25 58 29 2 
55 4 
39 9 
57 53 
54 23 
70 5 25 
60 3 
18 
23 50 
62 
70 49 
51 4 
32 35 8 
32 5 35 27 
18 
68 7 
54 
42 14 20 
45 49 
48 49 49 49 
34 
55 58 
40 44 
21 
29 
25 26 
40 42 46 40 
31 32 29 32 
36 39 5 4 33 
55 33 15 3 
47 49 30 
37 6 
37 
30 
62 
61 
72 10 45 
60 
53 51 
30 
53 31 
68 42 20 
49 42 
61 59 30 
55 20 45 50 
47 45 
59 
50 48 
48 29 48 44 
69 35 
66 
33 2 33 4 
52 22 
40 41 40 11 36 
47 15 
55 27 58 51 57 
36 37 14 0 
37 5 35 41 29 
52 54 29 
19 
36 
36 39 32 
57 31 12 
35 36 42 
28 16 34 
37 37 36 
66 68 
60 
52 51 29 
73 65 
41 
52 46 57 
33 
27 45 
57 
55 
41 42 48 45 41 
34 
64 
51 46 79 
32 42 
44 
69 37 
56 
30 
45 46 9 48 37 
40 44 19 19 
57 62 
35 39 38 37 14 
30 
32 
27 
43 44 13 31 10 
57 22 
51 
44 
41 
38 8 4 68 13 
37 12 
63 
33 3 64 0 
26 
61 39 
67 23 
58 0 
31 
25 24 
37 32 36 5 3 
36 1 12 
50 
71 
46 48 37 
58 57 
52 50 1 
42 
72 27 
45 23 25 
26 
72 
37 37 5 17 6 
57 1 59 
65 
46 48 48 3 28 
52 11 21 
63 61 
72 
49 
24 
42 37 45 1 
58 
63 63 
71 
58 33 
72 36 47 
63 36 
48 
18 
42 
50 7 45 
49 28 
54 
46 16 
28 25 
62 60 
71 38 4 63 
19 
41 
19 
37 26 0 7 35 
50 52 53 
37 
36 35 
34 
34 9 36 
33 0 34 8 
70 39 
39 
30 
73 14 
34 69 
67 60 
56 58 
43 32 10 12 14 
56 12 
39 
32 34 33 33 
40 12 12 62 11 
44 
67 65 
49 49 17 
24 
53 17 
48 
29 24 66 34 
73 39 
42 20 19 42 
68 
56 29 
39 
49 24 22 45 48 
50 21 21 25 
35 19 2 37 3 
48 47 14 
73 72 
49 
24 21 20 24 
64 
62 
41 
27 27 
42 40 32 10 
36 
42 27 
64 
25 
59 50 18 16 
56 10 
35 
20 
72 
51 50 17 
35 
67 
49 42 49 44 45 
27 0 49 
46 19 
36 5 7 37 
64 36 
31 32 
43 
38 36 37 
57 6 55 
25 20 
25 
51 46 54 
42 17 1 36 
36 36 
41 41 62 7 
18 
73 
50 52 26 
61 7 
62 
54 50 
28 57 9 53 
56 14 
50 2 26 64 
56 52 5 1 
47 6 
22 24 29 
55 
38 6 
73 
41 42 30 14 
53 7 41 50 25 
26 24 
50 
54 21 64 22 
45 
47 23 46 2 
45 23 45 15 
56 31 
51 49 52 46 
50 
26 
63 35 
58 
27 
59 57 31 29 
64 37 
41 29 
67 23 
36 65 
37 11 36 25 
49 45 49 
57 53 57 21 
49 
67 65 
69 57 
69 
36 2 4 44 
32 1 
44 0 40 41 
74 44 
66 69 
29 
55 
70 
74 9 
59 72 
37 
51 
40 39 44 16 43 
19 
28 51 
42 
62 63 
58 56 
51 24 
40 43 16 45 
53 22 1 
48 15 36 
65 5 36 
60 22 60 
43 37 42 28 
46 16 
50 
42 
37 37 
41 42 31 7 19 
21 
22 
24 
45 3 
32 
21 
52 53 
54 
36 36 38 7 
50 28 60 51 
51 
55 58 33 
21 
28 
56 
37 9 37 
34 36 68 
19 
67 
39 7 36 36 
45 46 15 31 
72 
31 8 55 
45 15 20 15 
64 
24 
74 76 
38 
50 22 31 
62 5 
26 6 26 32 
28 33 
36 
55 
38 48 44 14 
53 11 19 28 
72 61 
60 
32 30 30 30 
19 
52 34 62 
58 55 54 
22 21 
54 8 42 53 
20 
40 12 31 15 
53 
18 
72 29 
51 
30 65 
37 32 
32 
23 
22 
53 
66 70 
59 51 
64 
28 
74 
52 54 25 
25 20 57 7 
64 
68 37 
23 
45 31 41 
41 
32 32 32 4 
48 47 45 10 
67 39 
45 10 17 23 
55 25 
52 12 
30 31 
25 14 5 
55 
50 45 54 52 39 
45 22 19 45 24 
39 31 
41 10 23 45 48 
31 12 
59 56 26 59 55 
72 
61 50 
29 25 22 59 
53 
26 
55 
33 
52 5 
38 
38 37 
20 
29 1 56 25 
37 5 
22 49 
55 6 
66 63 
37 6 3 
20 12 45 
36 37 12 1 
56 58 56 
30 73 31 33 0 
32 
50 
41 
40 3 17 40 
48 2 26 47 43 
33 34 3 
55 34 57 
70 8 
64 9 
23 
37 13 38 
32 
59 36 
66 
18 
48 22 16 46 48 
69 7 
72 71 
37 4 1 
69 56 
57 25 55 31 49 
58 64 
40 32 20 43 8 
51 57 29 
27 
68 28 
37 
30 4 
44 
29 51 17 26 
68 65 
36 
32 32 8 
74 33 
56 56 58 
57 9 
48 
67 
38 10 0 
49 54 48 48 
18 
35 
57 26 10 63 
36 45 34 5 19 
56 
35 
37 35 
57 55 
24 
27 56 
58 46 
54 25 
31 33 0 31 
43 
69 4 
71 26 
37 0 37 0 0 
61 15 27 
48 48 47 16 
31 
34 
58 56 
37 37 5 
33 1 0 5 31 
59 2 
33 33 
48 17 51 45 23 
61 56 
58 
36 
19 
62 
51 54 51 
28 
61 
52 23 19 
27 
42 27 
67 69 
28 
27 53 51 21 48 
65 63 
55 59 47 59 
30 27 8 
56 14 16 
38 38 35 36 
45 
28 
54 
23 
48 5 8 15 
29 
52 17 17 54 
26 9 
29 3 
43 11 19 
45 
67 
23 
49 2 19 33 13 
39 30 37 
60 60 
47 7 45 45 12 
19 
67 1 
43 9 10 16 
48 47 28 
55 12 
55 
46 48 45 
56 
71 72 31 
65 68 
33 32 31 
42 
53 28 
69 35 
48 19 
61 1 
49 30 
69 60 66 
48 16 
22 
47 
49 16 49 
49 21 2 17 
52 
48 47 45 20 13 
47 
42 27 30 43 
58 5 
24 
40 
32 
68 
65 25 
24 
54 53 1 
47 6 
55 61 
48 7 9 21 13 
54 54 
64 20 
47 
64 52 
25 25 
49 49 
72 79 
37 31 38 39 
34 
46 17 24 
36 26 9 
52 29 61 8 
37 7 6 38 
23 
44 17 43 16 
65 
56 
46 30 
18 
39 
27 
42 0 4 2 
33 35 29 32 
74 52 
48 47 1 46 
43 40 44 6 
27 64 
37 37 34 71 
57 67 0 
41 53 32 14 
61 60 
69 69 
57 28 6 
34 33 38 12 34 
37 36 10 36 
41 
62 
45 46 15 
53 11 
62 45 
47 16 
34 38 27 8 30 
32 
41 2 36 
54 52 10 
33 3 
29 29 
67 
55 28 50 1 
33 9 
64 64 
54 54 
57 58 
46 
62 3 37 0 
42 21 
56 56 
32 4 29 30 52 
40 10 11 36 
53 7 11 
58 20 
46 40 19 
42 11 20 39 
27 23 26 57 
45 22 49 21 52 
48 31 
48 22 13 43 
30 
51 20 
56 40 
30 
51 13 2 52 3 
66 34 32 
31 30 31 41 
35 
62 
62 
32 
74 43 72 
62 
63 
59 0 
46 25 
43 42 18 42 
44 
41 40 6 13 44 
38 7 32 9 14 
29 
66 36 
31 5 43 
46 12 61 
18 
47 
51 31 
72 
36 37 7 7 
53 47 15 
51 52 
23 
19 
50 5 16 
72 77 
64 
66 37 
24 
31 7 
19 
44 
55 57 
54 13 57 54 
56 
51 30 26 22 
73 37 
31 32 
33 5 53 30 
38 36 0 10 44 
37 38 37 11 
30 
30 51 3 51 
35 10 39 39 
73 57 
66 37 
53 
36 6 36 
56 
44 
28 27 
57 
28 57 
22 
70 16 
63 9 
52 1 47 
41 
36 
40 
37 26 
25 1 52 45 
61 
32 
74 37 
31 
31 32 4 31 
19 
47 15 45 13 14 
40 13 40 43 18 
22 
25 0 32 
64 
70 27 
50 27 
22 15 
29 
37 0 
52 52 
67 11 
71 43 41 69 
21 
52 41 21 
51 52 
55 8 57 
42 
55 
34 1 
46 
51 9 54 53 53 
49 6 
41 18 17 8 17 
50 31 
47 25 19 
46 
51 48 
36 41 38 36 37 
69 67 
51 51 
71 
31 
57 25 57 
33 34 
55 26 31 16 
33 8 32 1 
70 53 
46 22 
25 24 
25 26 
59 56 
53 52 2 
38 37 32 37 
49 1 49 
40 
24 21 
32 
18 
53 52 
52 52 
48 
57 30 
18 
36 37 37 40 11 
57 
26 
31 
27 29 
21 
41 36 
72 13 
68 
33 47 
57 6 
22 
72 51 
61 3 64 64 
29 25 29 
49 9 50 47 19 
48 
57 54 32 57 
55 58 44 
52 24 
57 
43 
64 
35 
54 49 54 
40 29 26 12 
55 9 
61 
30 7 
43 10 
44 43 
64 10 64 
64 
49 46 12 29 
36 
29 32 
43 0 
36 51 39 6 
45 
67 44 
34 31 
69 19 66 
53 53 15 
45 54 28 52 
61 
53 20 27 
53 30 
34 
63 29 
74 
46 46 40 
37 7 26 8 
25 
46 
63 25 
45 3 
36 1 
53 23 16 52 
47 
43 39 40 
59 
51 
31 1 61 2 2 
30 36 
31 47 
46 16 51 22 
36 17 15 34 29 
65 3 
59 
61 
71 47 
29 34 2 33 
60 0 
69 
63 64 
39 
42 
38 18 7 
55 58 
41 44 25 
66 68 
28 16 25 27 
43 17 45 27 2 
68 36 68 
46 13 24 
37 37 9 12 
57 9 
61 13 39 31 22 
47 17 21 24 
57 29 56 10 
74 40 
51 2 
52 
44 17 23 12 
19 
69 14 
37 9 
45 
43 10 12 14 
45 21 24 
18 
60 
26 
56 24 31 
37 36 31 
53 51 13 45 
63 55 
33 
46 48 
40 13 5 
67 5 
50 56 0 14 
50 52 51 
33 37 9 32 0 
48 
43 
58 4 
36 10 33 44 38 
60 28 
20 
34 6 33 38 36 
36 37 
18 
45 7 15 12 21 
59 
66 
36 37 
31 
56 5 7 30 
44 17 25 3 17 
61 64 
36 
58 59 
30 32 
35 15 29 36 
22 22 
29 28 52 4 
57 
33 14 8 
36 6 9 
60 40 
19 
74 27 
74 38 
34 17 15 
42 4 76 79 4 
42 35 9 16 3 
72 
30 
30 23 
44 6 
69 
44 43 25 5 
49 24 43 
71 
32 32 
32 
52 59 
62 
67 69 
42 
43 13 57 9 
60 30 
50 27 51 
26 
64 26 
74 
56 56 59 
62 
63 27 
68 
60 27 0 
25 
34 
43 41 
37 39 18 
32 60 9 
35 8 35 36 
37 
33 17 
37 
72 42 
66 
42 39 25 
48 
71 55 
46 46 
55 
19 
46 11 33 47 15 
54 5 46 22 
51 6 19 2 17 
46 21 48 35 
37 36 17 
54 
67 
59 20 5 
42 16 3 
37 8 
51 51 21 
35 
29 
56 60 
51 51 54 
59 51 
29 35 30 
32 
28 57 
28 
51 
61 15 
35 38 
25 27 50 29 5 
19 
31 35 
48 
49 41 
32 25 7 
61 5 
27 27 
67 61 2 
51 52 53 
65 10 
51 52 37 26 
64 
42 13 9 8 
70 69 
36 4 7 7 39 
62 61 
74 46 
33 
57 68 
47 
47 15 35 
72 18 65 
40 14 8 5 
25 27 
51 37 28 52 
36 
45 24 
63 6 28 4 
51 50 
35 8 16 11 
18 
25 28 13 21 
59 
49 28 
45 47 50 20 
48 10 48 
46 
19 
50 
38 38 9 42 
25 21 
51 
50 23 11 25 51 
33 2 5 0 30 
54 25 
70 45 
19 
43 6 
40 5 8 
58 59 67 
31 25 
45 
36 
40 
37 27 9 5 
66 38 
58 58 16 
25 59 54 
69 0 
19 
56 
37 
37 
62 
37 39 4 12 
28 
46 6 
55 56 
35 
32 40 
67 
60 
55 31 
51 16 50 2 
68 55 
28 24 27 
18 
60 55 
58 30 24 
54 17 51 
52 
39 13 
74 4 
64 34 
54 53 
45 45 
45 47 
73 
59 25 
57 34 51 24 59 
44 40 
37 35 35 17 10 
57 11 
47 
71 62 
30 33 
50 63 32 44 
64 9 
29 27 
57 54 
53 51 26 
55 55 
18 
42 42 21 43 
25 
58 18 
28 
59 55 
43 
40 13 
58 
27 
57 52 19 16 13 
46 7 
66 
37 31 
47 11 24 
46 
40 45 21 
54 
37 
59 
54 11 41 
53 
25 
32 11 14 
52 32 
55 65 
36 37 1 37 
66 30 
56 45 
39 32 67 
61 4 
52 15 51 
40 
45 46 13 
70 
63 15 
72 
35 37 39 
68 
45 
43 
35 
41 78 18 29 3 
34 61 
49 48 
73 25 
46 29 11 26 
45 
42 46 34 17 
48 20 18 
54 29 
24 
43 7 2 
42 
55 30 
46 49 
43 
63 33 33 
43 12 10 11 
53 
44 
55 16 
28 
55 59 32 
48 
55 61 
46 
25 
70 72 
38 
48 25 20 1 
44 
18 
19 
38 36 43 
55 
67 29 69 
45 
33 35 3 30 23 
61 58 5 
57 55 15 
60 
25 50 
28 37 
65 
35 8 35 44 31 
33 30 8 30 34 
58 24 
42 30 36 
74 
72 9 8 
34 
34 8 
26 
72 73 
29 
42 17 
68 67 70 
43 13 23 0 8 
59 14 
29 57 
38 
53 28 
22 
65 
49 17 
54 
40 44 
47 29 
66 37 
42 41 26 36 
23 
59 26 
64 3 
28 26 
46 27 45 
38 3 7 
62 2 
57 
45 
36 3 
72 40 
22 24 
58 55 55 27 
61 11 
49 47 
72 40 
59 
54 19 49 
18 
51 
61 2 4 0 
20 
50 
41 26 15 7 
68 16 
48 26 12 17 
51 29 51 
34 33 36 29 
34 
44 14 19 5 
69 35 67 
61 0 
31 37 
48 
58 48 
41 30 10 36 43 
36 
39 7 11 39 
61 8 
36 
47 
43 44 13 
26 
73 11 
18 
55 51 
66 14 
51 18 26 57 
33 32 4 64 32 
69 
41 
37 
45 6 28 
61 
27 
67 23 
37 32 5 32 67 
32 5 
28 24 4 
48 10 
65 4 
51 51 47 
61 64 55 39 
32 
50 1 
62 60 27 
70 74 71 
63 
51 54 
40 10 1 5 7 
36 
18 
63 63 60 5 
35 37 39 
31 7 
64 
29 
26 
33 34 
56 33 
40 40 45 16 
60 27 62 
62 
29 
69 25 68 
44 
54 57 2 
62 0 
54 52 11 
58 0 
58 10 26 
31 27 31 
61 
52 54 
42 13 6 12 
38 38 16 36 12 
45 17 47 29 
62 
60 
30 33 
46 31 47 25 
20 
69 7 
49 48 
29 25 
65 
41 
34 0 9 
55 16 
54 18 50 
33 5 
59 50 
32 4 60 27 
68 68 
55 39 
26 
58 20 
66 69 
44 54 8 2 
42 8 6 
60 10 52 
62 61 1 
39 
52 
30 34 8 14 13 
36 7 
55 
73 74 
27 27 28 
61 
59 
62 33 
47 45 51 
51 
73 48 
47 28 9 10 
68 58 
49 17 58 5 18 
60 
48 27 16 7 
71 68 
50 1 21 50 
41 
55 
40 47 63 0 28 
65 69 
34 33 31 30 
58 51 10 
34 30 
69 42 
59 27 
58 25 
41 1 11 1 14 
51 49 24 47 
58 
32 
26 26 
54 13 41 
51 13 
25 
43 3 
65 
59 45 63 
56 57 
68 
46 47 51 
18 
55 51 
25 26 2 28 
57 4 
65 
55 14 
42 
69 69 
63 53 32 
50 
68 68 
47 6 32 20 
47 48 11 4 
39 
49 45 48 
50 50 25 24 
29 28 
19 
46 
34 32 
54 53 53 46 50 
31 9 31 
68 
59 6 
36 40 
70 
36 76 
73 67 
42 
57 38 
40 42 11 
74 7 
21 29 49 52 53 
54 
33 
74 50 
61 
29 36 
41 43 26 
47 
42 
42 16 46 
68 33 
54 58 28 9 
58 50 
64 56 31 
28 22 
53 50 15 
35 
42 25 
64 57 32 64 62 
29 22 
52 
67 24 
44 31 
26 62 
52 0 11 
60 9 
49 
63 16 
64 62 
34 6 30 8 0 
33 31 32 9 36 
61 36 
26 28 
37 2 19 36 
47 47 49 43 36 
29 27 30 
25 54 
32 3 4 
45 
40 5 
27 
18 
71 
33 
27 
51 
34 11 34 
52 30 
28 64 
38 37 61 3 7 
60 
69 68 
72 48 59 
64 
30 6 62 3 
37 
71 
26 25 
35 5 36 
47 40 21 45 
57 56 
51 17 
23 
59 21 22 
53 58 34 
47 45 
69 57 
60 40 
48 45 
49 48 
43 
43 14 
24 57 
72 73 
65 61 38 
39 
48 16 
73 
39 
27 0 50 
26 
58 24 
33 39 10 69 61 
67 
72 7 
36 
36 37 7 8 
62 32 
68 
40 8 7 15 
35 11 4 
27 28 56 
38 0 6 29 
41 19 
20 
65 14 
54 32 
34 29 32 35 30 
53 
35 13 
53 
59 58 
39 
47 19 
43 21 
18 
42 
53 13 
61 
41 15 
70 33 
43 29 42 11 
74 39 
36 12 27 8 
57 30 
26 25 
70 
67 66 
29 
54 52 51 
63 22 
46 46 54 48 10 
26 
34 0 
36 
34 
30 
28 51 
18 
41 20 0 42 48 
53 43 
20 
37 34 37 4 
73 38 
59 27 
48 25 48 11 15 
50 15 
48 19 47 48 15 
30 34 
32 
41 9 18 42 
57 55 
40 
67 34 
62 
55 
64 37 
66 44 
50 52 8 26 
66 44 
66 39 22 4 
34 30 7 
57 
37 11 37 41 
35 
40 47 
37 6 
64 
25 
51 
67 74 57 
49 46 13 
37 11 
46 33 14 26 11 
69 73 
42 
37 11 37 37 36 
34 5 36 39 
51 49 
46 49 19 46 
51 26 21 
70 36 4 
46 
70 
25 
40 44 30 
29 59 
40 14 44 17 17 
58 29 21 17 
58 56 
49 9 19 13 
19 
46 21 55 13 
20 
58 59 
48 17 
30 
50 
57 27 
52 
40 27 1 13 
50 16 20 
69 0 
58 17 19 
31 32 
47 
71 
73 11 
49 54 
49 
26 
36 1 7 14 
18 
40 42 12 36 
57 34 34 
18 
44 43 44 8 
49 52 37 27 
46 
42 
54 
37 
54 22 58 
68 74 67 
73 
30 5 32 
22 12 21 
26 
70 3 47 
69 37 68 
21 24 2 16 
47 18 26 
50 
70 
35 37 
41 
29 
57 5 
63 33 
41 43 
37 
19 
39 15 9 
66 8 0 30 
37 36 41 
41 10 1 15 10 
58 38 
37 69 26 5 
53 15 10 
50 42 27 17 29 
56 
32 
53 24 
18 
43 
58 27 17 
59 56 
46 17 46 
62 
67 
54 3 
61 57 56 
67 
69 31 
58 59 56 
56 60 30 
44 43 42 47 
34 57 
37 28 12 3 
28 
19 
58 34 
46 8 43 16 48 
56 2 
58 
23 53 54 
59 24 23 
54 54 
53 46 53 
69 
19 
48 15 
53 51 52 19 
37 8 38 27 
53 51 
30 33 3 31 33 
49 14 49 
24 23 
61 15 
37 
50 17 50 
37 5 39 
73 
56 67 
65 63 
73 10 43 
52 
19 
45 23 11 45 
36 31 7 44 
42 5 40 40 
65 15 
23 
51 21 
45 
69 
28 
36 38 1 
33 7 7 6 20 
18 
29 
43 44 
36 15 36 37 
36 37 
32 
46 16 26 
27 
51 56 31 
29 
27 60 46 
36 12 6 
36 68 35 38 
65 67 
55 55 
48 0 42 
39 2 13 35 1 
64 60 
39 
30 
25 62 
36 38 62 34 
27 26 
26 3 
41 10 43 
61 
26 33 30 78 27 
65 
54 53 22 
69 60 
36 
40 
29 53 
27 
41 41 14 
63 
73 
59 
25 
59 20 
46 
65 
34 7 30 25 
52 
35 9 
47 45 15 14 
28 23 
50 16 54 
54 31 53 54 19 
19 
66 38 
53 15 
65 37 32 
61 
54 
44 
62 
24 50 
47 
32 
53 40 1 
56 45 
30 33 20 
27 0 57 
43 16 6 52 
50 28 26 50 
43 
62 
60 0 
36 
31 33 1 
30 
35 
55 56 66 
50 
40 12 11 5 40 
56 
70 
61 7 
28 
33 30 1 31 
35 5 36 37 
51 13 22 
44 0 
38 38 36 
67 69 
54 51 9 
32 31 50 
52 42 50 50 52 
59 52 
70 14 
18 
46 6 0 32 7 
73 40 
36 
40 26 
51 
54 34 
48 9 
48 
53 52 20 57 
73 74 
35 2 
46 28 
72 
61 13 
54 50 0 56 
36 9 39 
48 
64 
64 64 53 
63 63 62 38 
42 
35 
45 
67 37 
72 69 
49 7 0 16 52 
52 50 20 11 
48 
61 
42 47 8 36 
34 
52 51 50 14 
55 57 
55 22 25 
26 25 33 
18 
31 
46 23 15 53 
27 
42 8 10 41 
52 49 29 51 31 
47 
39 
53 17 1 
47 44 
65 
55 
35 14 16 
66 
30 35 
21 
43 11 44 
25 
70 
47 
34 
18 
29 1 
54 16 
58 
43 16 5 1 
52 10 23 45 
38 16 
45 48 59 11 16 
40 30 6 
30 
25 
20 15 49 21 
60 65 60 63 
53 52 57 
51 50 23 
64 
55 57 
28 0 15 26 25 
73 78 
37 65 18 
58 
55 58 
71 28 
54 0 
66 2 
33 34 
30 15 31 
61 62 33 
60 64 
64 63 16 
35 12 15 
33 
60 25 62 
58 29 28 
21 
66 65 
36 7 15 64 
25 
31 0 5 31 37 
54 15 5 22 
38 
32 33 30 4 
32 69 
71 10 38 
65 
50 50 22 31 
63 
24 15 
62 64 
29 25 
72 13 13 11 
38 1 45 12 
34 8 4 61 32 
49 15 
33 32 32 37 35 
74 
37 39 
20 
24 17 
53 21 
73 46 
37 0 
19 
60 
72 
55 23 45 
58 27 59 34 30 
72 
25 32 
32 20 39 
27 27 
57 15 52 21 
22 
45 
63 38 
63 63 
27 27 
63 63 60 
62 32 
50 49 26 52 
39 41 2 37 
73 75 
57 20 
57 21 23 
63 8 55 
64 27 51 
54 26 
65 
21 
61 5 
52 54 60 51 23 
42 
27 25 
42 37 2 10 
49 48 
44 16 40 13 
33 0 3 8 0 
34 
48 43 25 46 
42 10 13 40 0 
73 
58 
51 11 
59 27 
44 5 25 
47 
43 10 7 
51 26 77 
43 46 14 
41 42 17 6 26 
51 51 19 48 53 
37 34 37 36 37 
54 16 14 29 
36 
52 54 
51 
68 
67 
47 22 27 14 2 
42 
60 
74 42 
44 
37 
55 39 
28 
68 
37 5 39 0 
37 71 49 
53 
46 
32 30 13 
36 3 5 7 
58 18 
31 3 
36 37 
19 
50 51 26 15 
24 
44 6 17 8 
59 49 
32 13 25 
28 2 25 
44 8 41 17 
32 
49 47 
52 6 
35 53 8 15 
70 
44 43 21 
66 64 24 48 
65 
46 28 46 
65 
49 16 16 
39 10 3 1 16 
67 68 
66 33 
62 12 1 
57 31 
49 45 49 28 45 
67 
55 59 
39 6 5 28 
19 
62 37 25 
59 60 
37 36 6 42 
53 14 8 
58 63 
60 
39 38 37 29 12 
34 6 
34 12 28 
34 34 37 35 0 
57 34 17 
35 
54 
30 
35 
35 0 3 
45 49 22 
60 
53 52 
62 
44 6 46 40 
69 
26 
22 
57 34 10 
59 
57 0 29 
39 5 30 
26 
71 35 
46 21 
60 61 
54 
69 67 
45 48 
41 1 
37 0 21 33 
59 1 15 
54 56 
61 
51 
32 8 33 27 33 
18 
59 14 
50 51 58 
71 
43 17 44 42 
70 74 
41 15 
60 28 
48 12 10 48 
51 23 58 
45 
60 61 
40 27 
45 45 17 45 32 
73 9 
37 62 6 
57 51 
30 34 6 
20 
40 40 
59 29 46 
23 
45 
44 3 13 
67 68 
18 
53 
19 
37 16 4 
57 57 
19 
40 4 37 
18 
50 
39 
48 45 
37 8 
19 
73 
37 2 63 
53 53 
50 1 20 31 
57 58 
43 13 
56 55 
44 7 32 2 
50 
35 3 3 7 36 
39 14 1 40 38 
52 
52 15 33 47 
53 
56 
29 24 30 52 
54 
32 
73 
57 51 24 
62 
38 
50 
69 14 
71 
39 
66 2 
57 59 
58 
44 
46 48 31 
42 29 
43 
48 45 17 20 
52 24 
66 38 
73 52 
64 
30 30 25 61 
61 
63 
27 57 20 28 
67 9 
44 44 10 14 14 
36 33 41 14 6 
59 
36 10 0 39 
68 18 2 8 
65 33 57 
18 
66 
68 47 
56 
56 60 22 
73 51 
45 8 23 
56 
74 
55 55 28 56 28 
73 6 
51 25 26 20 
29 
46 
22 
41 
35 
44 
49 48 
59 26 
52 52 
37 
54 51 54 50 
51 52 
42 9 
71 
52 54 28 30 
32 39 3 
71 9 
45 15 
48 
65 12 
56 46 28 
57 
30 
39 
28 7 29 
35 
19 
57 
25 27 
51 7 16 4 
51 
73 71 
55 
63 
55 
49 21 49 11 13 
53 26 26 
72 71 
50 
31 37 33 
47 
40 
64 17 59 
56 
54 
65 
74 64 
45 
42 46 14 10 1 
51 8 78 16 16 
63 30 
58 56 
52 52 
18 
57 16 19 
27 57 62 28 
28 
63 7 
34 4 31 59 58 
58 
48 12 12 
27 1 
29 27 
55 
25 
62 14 
32 39 0 
41 41 13 2 3 
43 43 44 41 
67 
30 8 31 27 
57 30 17 
29 59 1 
38 12 37 6 
35 
26 
36 36 37 2 14 
59 33 
60 28 0 
37 
62 21 
59 60 
70 71 
66 
26 26 28 
68 61 
32 1 39 32 34 
73 
22 25 
71 
28 26 
44 
53 61 
54 
48 
49 54 16 19 
38 33 44 38 39 
32 2 
65 67 
19 
63 15 
60 28 
36 10 30 53 14 
64 36 
69 22 38 49 0 
65 
46 8 10 
65 
30 0 33 0 56 
63 
42 8 41 37 
40 44 
34 
29 
52 50 
32 37 13 36 10 
41 4 37 36 
57 
48 16 22 40 
57 57 24 20 
62 24 
53 54 17 
46 22 19 47 44 
51 
70 6 
31 
66 
69 
60 0 
74 29 
46 
32 8 
23 61 56 
43 
19 
61 
37 39 10 14 
64 13 
73 
19 
19 
45 19 
65 
67 2 
31 31 36 10 
33 34 35 14 
46 64 5 
34 43 
67 7 12 
60 
34 3 
49 
64 
59 67 
67 
30 36 
25 27 
51 36 1 
27 26 
34 
53 
52 51 57 
59 28 
55 
33 34 
46 15 3 47 
45 
25 8 
40 41 
55 
51 23 
66 4 
42 14 43 14 
29 
73 55 
53 22 16 
68 
42 26 49 43 
46 45 45 45 48 
20 
36 35 
18 
49 12 49 
63 27 
46 31 54 16 48 
34 34 1 
40 41 5 
71 
73 9 
51 
41 13 42 
26 
34 8 
72 35 
46 
34 32 3 
46 14 9 
66 68 4 59 
21 
43 5 25 
60 5 62 
44 47 
59 47 
50 7 
61 
51 22 24 29 
71 
30 31 12 
57 4 52 56 
50 
23 
19 
25 49 
40 
40 
30 12 0 3 
56 21 23 
45 16 46 22 
61 74 56 51 
59 59 26 5 
47 46 18 19 
60 55 
70 
70 
71 
59 54 
30 30 33 15 
18 
22 
66 
50 50 
31 25 52 
49 
55 5 22 
45 17 2 7 51 
29 
24 
38 69 12 2 
38 36 42 
31 32 
72 
68 66 
26 29 53 50 31 
40 8 18 1 
61 15 13 
52 
30 
50 20 16 
60 7 
30 36 30 0 30 
25 3 24 45 
28 26 
54 1 35 
72 
61 
41 
41 9 
65 
28 53 27 58 30 
62 15 
45 52 
66 36 
34 63 
35 41 44 19 
53 
31 
66 
52 50 
63 63 
29 23 
66 44 
64 
74 39 
51 27 
47 47 48 
40 42 
60 
57 2 
39 10 5 
35 37 39 37 
45 53 44 
67 
37 31 37 2 39 
21 
50 16 
39 
36 0 32 
59 55 57 7 19 
41 31 
41 
65 66 
49 
22 
36 
45 48 46 15 10 
44 
35 
57 26 26 54 31 
47 28 
40 8 32 
38 36 
73 57 
52 
51 
31 
35 29 37 
41 
51 13 15 
21 
53 37 18 25 
55 9 50 
52 50 25 
40 43 3 
37 12 48 
37 
38 
29 29 
67 
40 12 
68 16 69 60 
45 16 48 15 
47 
32 
66 15 
27 
54 29 15 53 
30 26 36 34 
29 27 75 
44 15 22 14 13 
59 7 
58 24 51 
41 8 
54 
61 
24 
51 20 52 
50 3 29 52 
71 73 
24 
50 55 
38 
44 44 40 7 
74 
56 
52 54 46 
58 55 13 
36 36 3 35 
66 1 
56 46 
46 17 7 
56 16 33 12 49 
55 59 
18 
70 68 
44 13 
67 65 
18 
68 
65 37 
55 
61 11 
49 
37 52 37 39 
56 
70 
27 
63 
29 27 
53 
49 7 23 
56 55 
26 20 
18 
46 72 44 45 
24 
51 24 65 
50 15 21 
61 14 
59 37 10 63 30 
72 7 
57 
25 
46 54 49 
61 36 54 
48 
36 
58 46 55 24 
55 4 
49 6 40 
31 0 0 32 
53 52 41 16 50 
38 41 15 38 
63 31 
70 42 48 
56 
32 34 
70 
64 
67 69 73 
39 
46 9 47 47 
38 8 16 
37 11 12 
47 14 31 16 
32 
36 38 
18 
49 17 22 
45 14 
68 
33 12 3 
50 54 28 
38 37 
32 
28 
47 
73 17 
36 27 37 11 
55 4 16 36 25 
54 52 
65 36 
42 40 22 
51 10 
46 15 18 13 
31 0 7 
34 5 8 
55 
48 47 
28 
38 37 36 9 
54 15 22 24 58 
54 50 59 
51 30 75 50 
28 25 
36 
47 
44 
43 44 41 37 40 
35 
62 23 
20 
73 70 
57 57 
60 
38 
48 17 43 6 55 
52 21 22 
31 59 
51 21 75 20 46 
58 65 62 
56 
40 
18 
58 1 
42 51 42 
55 13 
42 41 8 0 
58 
19 
30 
22 
63 
62 
31 
44 11 31 39 
62 14 
22 24 
43 
59 17 
32 3 38 5 
46 46 14 
38 1 0 9 
52 49 50 32 
58 57 24 46 
30 1 
60 
45 31 16 22 19 
31 27 3 8 
50 14 
36 8 31 36 
45 10 
20 
74 16 
49 46 
54 21 
32 
31 
56 41 32 
55 18 30 1 
71 30 
64 21 
38 32 8 0 
37 0 6 36 
72 74 
33 26 7 
48 47 71 45 
18 
54 52 25 
66 
57 24 16 
61 
28 27 30 
30 
65 59 
50 
63 3 
47 27 
47 
37 
44 43 5 41 30 
61 32 
53 3 56 
30 
49 16 47 49 
72 17 
55 
31 31 36 
31 35 32 7 
51 25 12 
63 36 
28 
35 11 69 
27 
42 
63 2 
34 2 32 33 
46 40 19 
22 21 26 24 56 
34 9 
26 
51 
34 
46 47 48 
56 0 
34 32 36 
50 30 41 27 
30 
59 30 
45 48 36 
31 7 
65 
53 
60 32 
66 69 
21 
67 
45 21 
52 33 31 
26 1 28 
63 
18 
49 48 46 8 16 
23 
41 40 36 2 
23 
53 16 13 51 
44 29 30 16 
46 49 20 
28 25 
30 32 19 34 10 
22 
29 
66 14 13 
19 
61 4 
74 37 
37 
52 21 28 55 
53 52 29 
46 23 40 15 
61 64 
21 54 
30 30 
68 68 
32 6 3 36 1 
31 
45 49 7 16 17 
25 26 26 
41 3 31 38 12 
54 
43 17 48 16 
33 31 
32 1 32 38 63 
29 12 
46 22 46 
70 72 
32 55 
38 4 
44 40 42 16 
57 18 
19 
74 26 
31 3 33 11 
64 
44 
31 
56 28 
45 17 
70 1 
37 31 
35 31 12 
50 49 0 50 
64 
47 
20 
22 24 
73 
29 
53 21 
33 4 35 38 
40 13 41 14 
46 27 40 13 48 
28 
51 39 53 
28 
54 52 16 79 
59 31 
65 69 
32 
23 15 
57 33 
41 
68 68 
67 32 
56 50 
49 2 
22 24 
36 3 25 
54 32 43 57 
25 22 
43 
18 
71 
46 
66 27 
31 31 34 
66 37 43 
68 
52 50 
66 
18 
39 
64 13 50 74 
61 9 
73 
42 8 42 12 
44 36 10 15 40 
53 16 17 
50 18 18 
63 9 
52 41 53 
33 30 33 0 68 
33 2 
19 
65 
42 15 30 
54 59 
20 49 
51 
54 
18 
34 
28 
48 14 45 
46 32 53 
68 
36 39 
44 
48 
49 49 47 31 44 
67 2 
58 4 49 
62 64 
41 7 
19 
59 9 
67 57 
49 77 16 49 46 
68 
59 53 
32 
38 
64 
30 30 39 14 
36 66 35 
33 
63 28 
20 
45 45 25 
35 
52 53 41 19 
61 61 
57 
49 
68 
34 
49 18 33 
57 18 
27 
30 31 
53 
56 21 49 
28 28 
37 27 
40 44 41 
32 28 
67 67 
46 26 
70 1 
51 51 16 
34 0 32 5 
71 65 
51 
64 62 
36 30 29 14 
42 15 42 
27 32 68 25 53 
59 
62 64 
29 63 28 59 
19 
69 
44 13 
33 59 30 5 
56 53 
34 31 52 
49 45 13 
47 
37 35 
40 18 44 49 
58 5 
69 
47 6 45 47 
49 
51 60 
59 55 
63 64 
25 
30 30 34 58 34 
30 50 34 
72 17 62 
72 
30 60 
63 41 
53 53 52 
71 75 
68 3 71 
57 
19 
69 33 
41 
49 49 
33 
67 9 
45 17 22 49 
57 
74 11 
65 43 
26 26 
60 26 
41 24 36 
63 4 
28 54 50 21 27 
38 36 
59 13 32 56 59 
31 16 25 27 37 
42 
49 0 23 1 
37 14 8 37 
61 62 
32 33 6 
28 
45 15 
31 60 
55 52 
45 
72 8 
64 68 
65 
50 
44 42 7 
20 29 
37 
39 14 
19 
50 50 52 14 
46 48 19 14 52 
72 37 
41 
50 51 47 
73 
51 
67 69 
37 34 36 
47 48 14 15 
34 35 7 33 
57 60 9 
45 47 12 53 
52 26 15 21 
41 
67 7 50 
43 31 42 41 43 
49 
63 
65 
26 
67 
34 30 
55 3 63 75 
56 7 57 34 
46 28 41 16 
51 
47 
25 
43 20 19 42 43 
32 3 26 
45 
46 32 9 30 8 
45 9 30 48 
59 
63 0 30 
64 78 
37 18 12 54 
32 13 37 31 30 
68 
18 
36 
22 
54 28 15 53 50 
18 
58 28 
41 16 
28 25 15 
74 
31 31 10 37 
72 
48 49 47 22 
31 36 13 7 
42 15 41 
44 27 
72 73 
74 13 
29 
58 17 33 
46 20 
45 31 48 26 17 
55 8 
43 
54 30 
48 
26 
62 61 
58 58 55 
32 
25 21 
53 15 18 27 26 
40 21 44 
30 33 
59 1 
46 51 15 17 
36 25 
69 1 
40 54 12 
35 8 36 39 
50 53 37 
42 8 11 26 
51 57 22 
69 26 
50 1 46 
63 0 
53 
53 47 
73 70 
66 31 
71 74 
70 
49 48 
64 61 
37 3 11 
36 35 
37 36 5 
57 
59 19 17 57 55 
42 11 16 
26 17 
49 31 48 18 
28 53 
31 1 
56 
35 38 28 
57 31 
18 
58 56 
52 
51 52 10 21 
53 53 26 11 
50 54 
65 46 
55 30 28 
19 
37 17 
70 65 
48 36 
41 11 47 35 
38 39 6 7 7 
50 47 48 14 
46 
38 1 39 
54 9 51 16 50 
49 16 
21 8 41 
31 
25 28 27 
73 
35 37 7 2 
40 28 
69 
74 
43 16 9 17 26 
24 
33 30 30 3 3 
69 
22 58 
56 26 
33 32 14 33 
58 28 
39 
37 61 34 37 
36 43 36 7 12 
32 27 30 
51 
28 
38 37 36 13 
72 
59 22 
18 
25 
52 27 
28 34 
48 15 
56 
37 
55 
37 10 35 6 39 
51 
52 15 28 17 24 
49 23 10 6 
32 10 41 2 32 
31 56 4 33 
25 25 
47 
57 56 
53 
36 28 38 
37 
30 31 2 
37 9 1 4 
58 7 56 52 
73 
51 5 22 49 
49 77 53 
53 20 41 
47 
62 11 
55 58 
35 
51 47 2 
49 
60 33 
57 58 22 13 
69 12 
40 7 
28 
54 49 23 29 
74 50 
71 
44 40 
49 51 16 16 
65 46 
62 
64 6 
21 
49 8 47 
20 
37 9 11 
57 8 
37 1 36 5 
65 26 
29 
45 3 
25 33 26 
51 
55 20 
34 5 
62 36 31 
27 51 
59 13 
36 6 7 27 
18 
59 54 34 29 
19 
66 
58 
49 40 19 
38 33 37 28 
57 16 43 68 44 
69 36 
24 
30 44 
32 
59 16 14 76 
61 7 
72 
68 
31 26 
45 
48 48 15 24 
29 
28 
31 3 38 3 
50 
50 52 51 2 
72 
29 
53 48 
26 52 
37 5 31 38 
55 
62 
51 54 27 
30 34 33 37 54 
28 28 
65 35 
67 65 
74 77 
60 66 
37 58 35 38 
63 
38 28 6 39 
53 26 75 
53 52 46 16 
47 
47 15 49 16 21 
42 
55 15 59 15 
66 15 
52 15 52 19 
61 57 60 
25 10 
36 36 9 36 
33 44 2 3 21 
22 
51 
59 25 
65 
32 24 
30 33 30 46 
62 60 
30 7 8 
69 18 
38 12 
27 23 0 
48 54 17 17 
63 
45 45 49 
69 
49 47 49 
33 32 
20 
38 10 
50 34 10 23 19 
50 53 11 
51 24 28 
65 
18 
51 17 
39 
20 
36 10 3 
58 
45 
36 39 2 
19 
26 33 28 
57 33 58 57 
27 
52 
42 
59 59 
68 76 
44 42 3 
44 
59 9 
33 3 33 1 5 
69 
59 58 
44 
28 25 46 26 
49 46 23 9 26 
62 
55 22 26 17 
43 25 43 9 38 
31 49 0 
27 
32 34 60 32 31 
35 
34 30 37 31 
47 
43 43 
46 49 
26 
56 51 
37 6 40 35 
69 20 
40 
41 42 40 
27 19 23 
54 54 15 
22 
43 
36 
60 53 
72 35 
29 
48 25 47 59 
32 37 32 
26 2 63 29 56 
46 
22 
53 
51 48 46 
33 9 
46 46 
52 
40 18 17 48 
36 
33 61 0 
72 
30 29 
33 
72 70 
18 
22 
49 51 42 9 
52 16 
42 14 
33 
51 
64 60 
69 
62 
36 63 5 36 
42 
46 14 12 15 25 
27 
55 29 
62 56 39 
56 50 
31 
38 64 36 
68 30 
51 54 15 46 
48 
69 
21 16 
46 53 
48 7 22 12 
46 
43 25 44 17 
26 
27 57 
43 
54 12 
39 
29 29 
55 
65 
46 49 24 13 
49 19 14 
32 
40 8 
53 16 11 
30 2 33 
28 28 28 50 
33 
37 
41 12 2 
65 31 69 67 
25 31 
74 
24 46 18 
43 46 6 17 14 
46 23 
36 5 
69 
51 47 
62 
59 54 
59 56 
62 58 
35 3 
31 34 37 5 
73 28 
63 
51 
64 
31 30 
73 
42 36 33 19 
28 
58 59 
51 
58 
52 77 54 37 
36 2 9 2 
73 39 
38 
31 1 10 33 3 
74 71 
31 59 36 4 22 
36 8 4 38 
58 28 58 25 9 
37 
63 59 
54 8 
48 46 10 49 
54 
52 
47 24 
45 18 49 12 45 
61 37 57 31 9 
70 
26 
62 35 
66 65 4 
41 42 15 19 6 
50 
66 
71 
66 60 
29 28 
51 53 51 50 22 
60 0 3 28 
69 
55 1 
73 
46 48 46 9 
41 
47 43 47 
52 50 
55 1 
52 17 17 
49 48 46 26 
35 12 41 
55 10 19 
28 52 1 28 
48 15 
46 12 53 47 
29 
37 18 4 66 
26 
34 33 
35 0 
49 25 46 2 
54 41 64 
57 
52 
42 15 6 10 41 
49 14 49 46 46 
37 2 
53 17 
25 
25 
73 72 
58 7 
54 
28 52 
27 57 
63 16 
48 49 
36 43 36 6 
68 
36 2 36 38 
52 50 52 
23 
57 59 62 32 
46 49 9 6 48 
40 13 48 
61 0 
24 
43 29 0 
26 27 
48 30 47 
30 25 
43 
43 10 7 44 47 
38 
66 35 
46 
36 41 
74 60 34 
28 
36 36 3 37 
67 65 
55 64 48 25 
74 69 
71 
71 
63 61 60 
37 65 10 36 
21 0 
40 43 
54 5 
72 66 
61 58 2 0 55 
52 
69 66 
20 
56 30 55 
50 50 
42 
55 
43 31 41 43 
24 
68 66 
47 52 27 47 
45 
40 
43 
39 18 39 36 27 
52 26 51 59 
27 
58 31 5 
45 
72 4 
22 
36 25 17 31 
46 47 17 15 
36 36 6 35 
65 
28 
56 
25 26 25 29 
73 
47 
21 
35 14 
33 
61 
70 5 
19 
37 11 41 30 0 
49 47 48 17 
23 
71 41 
18 
18 
34 
56 55 
59 54 
36 34 
42 8 
38 
21 4 24 17 22 
63 66 
25 
52 25 
45 47 16 
18 
41 
50 49 21 
53 
58 48 
41 40 
30 8 
57 55 27 14 58 
48 
40 25 8 15 
52 18 54 
27 
42 
20 
40 40 
57 31 16 
41 
38 
19 29 49 19 10 
61 59 44 
64 
36 0 37 0 
59 2 11 
31 66 40 3 
49 77 
18 
58 36 
66 65 
31 
49 11 
43 28 42 4 
61 5 
54 16 22 57 
36 2 4 39 
43 14 2 53 
41 
46 15 11 47 
28 
51 13 
66 33 67 
46 46 55 17 
37 
47 24 23 
49 49 18 16 18 
20 
64 37 
57 47 54 52 
63 32 68 
63 17 
64 60 
63 43 
49 13 13 37 
29 
50 
24 
49 47 25 51 47 
34 
59 50 2 
26 25 23 
50 
30 27 
73 36 
43 15 13 
57 25 5 
26 20 
73 33 
66 2 
35 38 12 
34 
40 
67 13 39 
68 30 
72 
45 
73 61 43 
56 31 
48 19 
47 45 47 10 
59 34 
44 
43 43 47 15 
70 
54 24 26 15 
18 
20 45 50 
56 
47 17 13 47 
46 29 5 49 46 
42 14 11 10 
36 
42 37 14 42 
20 22 24 24 
42 41 
72 
34 
45 
67 68 26 
74 
29 
25 54 
37 38 37 9 8 
46 22 9 46 
46 
58 
44 2 14 44 
54 36 17 
27 25 
35 17 37 
28 31 63 47 17 
69 
71 
47 48 7 
33 31 61 
40 
36 36 
42 13 27 41 
30 
46 
18 
62 53 
34 5 31 36 
43 
49 17 20 
71 
41 14 25 49 
58 57 
66 42 
65 27 
59 
44 43 12 7 44 
19 
50 
46 14 15 16 
46 
57 21 55 57 
30 4 
69 70 
36 36 6 
43 
35 63 13 
57 58 
40 
59 
23 
57 
72 12 
55 58 
32 30 30 2 30 
30 31 
48 
72 35 
48 13 
68 37 60 
26 14 15 
58 20 
44 15 43 11 13 
64 
41 9 13 
65 37 
65 31 
36 12 37 
26 58 
43 8 29 41 
37 38 35 4 16 
50 43 31 
52 11 51 
47 47 7 52 
27 25 33 
33 33 34 
35 9 5 9 
41 9 20 41 43 
50 47 23 19 
53 53 16 
33 32 30 
63 39 
64 
64 61 64 28 62 
50 
58 3 
59 19 59 
52 55 
33 33 33 4 33 
68 6 
74 
52 
36 
34 34 3 28 33 
38 
59 21 
68 14 
72 
45 21 46 12 30 
49 6 46 17 14 
56 
34 30 7 
39 27 8 
37 
21 
19 
48 
47 23 7 
45 15 44 31 
67 
69 69 
48 15 8 58 
65 69 
49 17 46 
38 
39 35 
68 
30 26 10 34 
46 20 10 48 12 
50 22 
44 2 49 1 49 
68 31 
71 27 
71 
53 24 52 
52 22 
41 46 12 18 58 
53 23 54 24 
47 
31 73 
18 
45 25 45 20 15 
42 42 
57 
60 60 
47 41 27 13 16 
44 31 
44 11 44 64 
51 24 
18 
65 33 65 0 
37 37 
52 52 16 42 
28 
31 28 25 32 58 
21 
43 9 
48 18 
29 52 
44 
40 
49 
29 27 
51 1 
43 50 42 44 
49 54 
32 56 34 13 
64 22 
48 15 44 4 
28 25 31 
60 
58 30 52 
18 
69 
57 27 29 
50 51 52 
38 42 13 37 
18 
63 
41 0 14 6 35 
41 39 7 27 
47 17 27 11 
18 
73 17 
33 30 33 32 
62 
58 57 
49 
57 
54 
50 47 
54 
41 46 
73 42 
73 
67 
55 
38 43 
52 21 24 
48 58 5 
30 25 
46 24 46 48 
58 
68 6 
43 52 7 47 
57 3 
62 32 62 
32 23 
74 
64 57 61 30 30 
54 
56 2 31 55 
62 64 
42 40 
25 28 32 26 
51 7 34 54 
56 
58 43 22 27 
55 36 57 58 
67 67 12 
33 5 
21 23 
44 11 7 2 
57 17 
38 8 10 8 
43 15 40 42 
53 7 16 52 27 
66 69 
50 35 50 53 
39 38 31 68 
60 
52 41 12 
26 49 26 27 
69 27 
62 3 
30 10 
53 
48 48 48 
34 
74 
19 
52 32 
72 7 75 
52 
34 21 
59 
73 49 
51 54 26 
47 23 37 36 45 
49 
28 55 
52 
44 
70 42 
32 1 33 
70 19 
28 26 25 27 26 
29 53 
35 12 8 
27 29 
49 50 14 50 2 
44 48 36 28 31 
19 
62 
59 
73 72 
53 47 
37 40 44 36 
48 15 
51 
59 
27 23 27 
67 66 42 2 
22 
52 1 
71 
36 37 36 
32 7 26 1 3 
36 14 44 
55 
64 52 
38 5 7 37 37 
47 26 
46 49 48 12 
59 
18 
62 
47 52 15 
45 24 
51 
48 6 47 47 45 
41 5 31 39 
43 
68 
27 59 53 1 23 
66 38 
74 6 
47 17 12 11 
40 
63 8 14 
34 
36 36 
57 59 8 58 
48 54 
43 
66 59 
64 71 
28 28 
42 40 10 44 
44 36 9 14 
54 16 
72 32 
51 26 
45 
47 46 10 7 
39 40 5 0 
47 47 52 
27 28 
47 
33 
64 59 
32 30 6 32 79 
46 
60 60 
30 33 
28 21 
59 
33 
55 53 31 
54 50 
65 47 
56 4 10 
67 
51 16 1 55 14 
28 22 
36 35 2 
40 40 7 40 
19 12 
43 58 36 30 
63 
41 40 38 
51 51 
24 51 
50 52 50 
64 10 
49 48 16 48 
69 17 33 
47 
55 
33 33 
32 9 
23 
55 16 
34 0 1 1 
45 53 16 9 48 
40 
36 15 6 54 
51 13 5 
50 47 
62 
39 27 26 
27 27 26 25 
50 3 45 
23 51 28 46 
38 7 9 7 
55 55 
56 
53 22 
71 
27 
52 47 27 
53 52 
51 22 9 54 
59 27 
24 23 
70 
23 20 
36 11 14 7 
44 7 0 10 
58 56 27 
39 0 1 61 
35 7 
32 
31 61 
28 26 25 
46 27 
67 0 
25 
40 42 43 
37 
34 4 
56 58 0 55 
67 69 
30 2 
18 
60 28 32 
62 
55 56 
43 16 
50 54 
20 29 
42 15 
41 5 
57 63 
69 67 
65 69 
51 51 
37 14 43 
42 0 5 
74 51 
72 40 
50 
49 48 17 
60 58 
52 51 49 
66 65 
54 15 24 
19 
31 30 6 22 
52 15 32 22 23 
21 27 
18 
60 
23 
32 
55 
52 27 
58 56 
64 79 
39 
47 52 47 48 
54 22 46 
18 
32 
61 12 
42 12 40 40 
34 
57 20 59 
61 9 
43 12 39 10 25 
35 30 
23 50 7 22 52 
41 
59 55 
49 49 
47 9 
27 53 
37 
57 
67 9 
58 61 
34 
28 
42 31 
18 
59 65 59 
71 16 
69 21 
67 
41 
54 25 
73 
18 
40 30 
69 72 
36 38 
52 51 50 
38 37 2 15 
44 
58 34 
36 
62 44 
45 
74 59 
62 1 
36 
66 65 
73 12 40 
65 41 
53 14 16 
38 13 14 39 
61 26 
65 37 
21 
56 22 2 16 
55 28 
58 55 
50 25 50 31 
49 43 36 27 
47 
40 
42 14 14 39 
55 5 51 24 
66 36 
54 20 
47 
58 51 
43 27 41 28 
46 16 12 15 
58 
54 53 
31 9 
56 
54 17 
30 33 34 
25 60 
53 14 
66 26 67 
54 52 
68 32 
43 13 
74 48 
48 19 37 1 
47 49 40 15 
41 41 5 39 
57 26 43 
21 1 14 
65 
39 0 9 13 
69 
69 68 4 
65 
29 55 58 17 4 
59 33 
54 52 
54 27 51 
45 
34 2 34 
19 
58 40 
37 18 14 38 
51 
29 52 
69 30 12 
46 12 26 10 
52 52 27 
33 
69 
33 31 
44 13 43 37 
42 45 
34 4 29 33 
54 28 17 54 
64 
58 3 8 
20 
48 15 35 
45 16 49 
45 
29 52 
46 
37 75 36 5 
60 16 
50 16 27 
38 
31 32 31 32 13 
57 52 25 
59 28 1 37 55 
63 62 64 
47 
28 
61 66 63 
46 47 45 
45 
61 6 
47 45 35 17 
67 3 
41 10 
51 
31 33 37 32 
64 
38 8 
54 
61 35 
66 
49 46 39 47 45 
63 8 38 
71 76 
52 16 23 27 
46 
32 29 
43 7 12 17 
65 66 
43 44 34 
55 
46 
42 40 37 
46 7 47 
40 13 2 
46 49 6 1 
59 29 58 20 
69 
62 57 68 
57 
28 29 
34 61 
59 23 
72 72 
46 28 
67 47 
61 
35 37 41 35 
26 
64 60 5 7 
51 34 26 
74 51 26 
42 41 31 
73 31 
19 
41 
63 37 
63 63 21 
61 
64 47 64 
49 
54 15 
42 
44 11 5 40 36 
49 
70 
37 37 8 36 38 
49 
19 42 52 
26 
70 7 44 
26 3 25 
42 
64 27 
54 57 53 
50 17 
46 
67 
74 
57 56 5 18 
71 69 
38 
51 
31 34 
43 
41 29 43 38 38 
25 
20 
30 32 33 
28 2 29 
60 59 
31 0 0 74 
46 79 23 48 20 
46 6 19 47 49 
42 
44 
65 65 
66 13 
22 
64 63 
27 52 
45 46 47 49 
47 
47 
45 15 13 
43 19 7 0 
74 
36 37 36 6 
43 19 
30 33 
53 
47 28 15 18 
49 26 43 
25 63 
57 47 54 33 15 
43 11 44 42 44 
46 27 
64 
21 49 
64 59 1 
41 23 3 
40 43 30 
27 
62 8 
44 3 72 
35 37 44 
53 
45 15 53 28 
40 2 32 37 
38 9 
46 
31 
50 23 25 
62 60 
35 39 
74 
36 
52 15 53 29 28 
58 32 4 
60 28 
30 36 
37 39 2 6 42 
48 45 
40 44 
46 
70 45 
22 
37 37 6 14 
46 50 28 55 
59 
36 
44 
52 57 
35 
38 36 37 36 44 
54 47 51 
27 27 
61 63 33 41 
46 27 50 16 
41 12 57 41 
46 25 
43 
64 56 16 
48 45 21 17 
32 35 51 30 58 
35 4 37 11 
46 10 47 30 
72 
55 28 
27 62 41 53 
54 52 12 
24 
60 7 
64 5 69 
45 
69 
56 58 
47 
50 50 25 54 45 
40 43 
43 19 
63 62 
64 64 
36 68 6 
34 7 30 
41 5 43 26 
40 7 29 
33 35 15 57 
20 
72 9 
68 
66 0 
58 59 
49 
32 
30 63 
55 23 
69 10 
37 39 5 13 
70 47 73 
21 20 
31 21 33 
60 
70 74 
74 
37 2 
68 44 
32 
42 
31 0 59 
19 
67 
32 32 33 2 
60 62 15 61 
51 47 
51 32 
50 50 25 
44 
22 
61 
51 53 46 1 7 
44 16 36 2 
57 
59 58 52 
51 13 52 0 
35 9 
29 25 33 
49 3 15 
41 17 17 49 
25 
30 
63 64 36 
59 61 8 32 5 
23 
63 
19 
48 
33 13 34 5 
72 
56 56 
74 9 
25 
28 52 25 
26 76 52 32 3 
18 
66 69 
50 26 
65 5 
47 45 48 14 
54 10 
51 
72 
22 
72 17 
37 0 5 36 
41 1 
53 
48 32 
35 
71 63 
57 5 6 
70 
32 
73 
36 13 
49 
29 
18 
70 
54 
69 73 68 
60 60 
54 47 5 
44 30 11 43 
49 32 
68 2 
68 29 
60 36 
70 9 
55 25 15 
28 63 
37 15 13 
54 50 
58 
60 56 32 
21 
40 
65 16 
36 37 
54 6 
33 
47 2 4 13 
72 
61 
37 2 
39 30 44 
18 
38 44 37 
52 50 
54 
41 44 
60 62 
28 59 
46 45 14 45 5 
43 
69 22 
19 
54 33 
67 4 
51 6 41 51 53 
55 
34 
40 
64 62 
37 11 
63 
40 10 4 65 
38 75 12 36 
70 73 
45 28 45 11 
58 49 
56 46 
66 
64 61 17 
33 
56 
60 
32 
58 56 2 
40 43 53 14 15 
61 48 61 61 60 
24 
64 62 
38 34 
28 
43 41 40 
34 
67 30 19 3 67 
18 
28 
70 55 
68 8 
54 
46 
55 
23 
63 
58 21 31 
46 26 27 
67 
47 17 49 47 
38 
27 32 75 
41 25 32 
68 69 
39 37 5 
44 40 
20 
40 
36 1 16 47 
38 17 19 5 8 
67 
38 
65 70 
31 14 9 9 28 
27 29 
68 
25 1 26 55 35 
58 
36 8 33 34 
66 4 
57 17 
48 47 40 
60 33 
18 
32 30 9 
72 26 
19 
40 
70 
60 7 
62 63 5 
69 58 
41 8 8 
55 23 24 35 
37 39 14 
52 14 
59 31 58 
62 2 64 
39 2 37 40 
47 14 
19 
70 
54 13 11 
62 
71 
29 29 
45 28 13 24 
58 5 26 13 34 
33 
66 0 
57 23 
54 
37 48 
40 
41 61 15 12 
58 
47 25 29 
56 3 31 57 
57 54 22 33 
48 
70 
60 
38 
49 49 25 8 15 
48 16 
69 9 14 
51 17 43 51 
64 62 9 
31 12 
56 58 
57 56 
63 62 
41 
27 34 40 
53 23 
41 15 44 11 18 
68 
53 
72 63 
37 39 8 38 37 
56 45 31 6 
42 31 16 12 
68 68 
48 15 
68 35 
52 
51 28 14 
61 
22 
69 
53 
54 
71 70 
34 32 31 
30 3 28 
55 29 25 
31 
37 35 3 11 
21 
21 
33 0 70 
55 
27 58 
71 
40 30 14 28 35 
51 
54 53 21 
35 
49 47 46 
74 66 
55 51 56 
53 5 21 43 21 
55 
30 
41 44 8 
48 49 10 18 
65 
57 
62 15 
33 
53 
66 
37 0 12 40 11 
40 43 15 37 
36 
74 
63 62 64 
62 27 
55 
56 6 
48 1 
27 47 
23 
35 
49 
71 
59 75 
58 77 
38 5 39 
50 30 22 
23 
53 58 
31 
74 70 
49 21 14 
36 
18 
50 19 
65 57 
31 26 34 42 
47 20 12 
53 17 
57 61 66 63 
45 49 
64 
36 14 17 39 39 
36 43 0 37 
57 19 29 64 55 
34 6 
20 
45 18 43 44 
61 4 
29 54 
48 12 15 32 
55 66 58 
67 
26 29 26 50 
37 
42 1 
32 
51 
61 57 
60 
46 6 5 78 7 
64 
32 
40 30 5 40 5 
58 
18 
50 17 52 21 
70 7 
70 70 
36 
45 51 24 9 
36 16 0 60 
35 3 0 1 5 
31 
29 21 33 7 
48 40 
66 66 
18 
67 
52 
36 13 
47 49 
62 58 5 61 
71 37 
43 44 
35 38 
64 63 
70 
36 37 
49 45 15 
51 15 11 4 
52 29 10 15 
19 
59 29 64 10 
58 63 
69 
37 34 35 0 
62 
30 57 31 
37 32 5 37 
36 
23 22 
52 49 53 29 
46 52 20 
50 45 
29 4 
18 
42 
42 27 
65 10 
64 
64 62 
58 17 
64 55 
56 32 
32 37 
63 62 
21 16 22 
39 
42 10 
38 7 15 7 16 
36 7 7 
45 
70 
60 
53 
36 27 0 8 
20 20 54 24 17 
64 37 
26 29 
47 
53 
34 1 8 29 
48 
69 
68 
53 35 
44 23 6 12 
45 46 
54 53 
72 
53 56 28 17 51 
42 30 
70 36 
21 22 
59 54 
72 
33 0 
27 27 
45 8 9 
27 22 
29 
51 3 23 62 
21 21 
38 64 13 36 
61 61 0 60 
34 
33 28 
53 54 49 
25 48 0 
69 
41 
58 57 
42 44 17 37 17 
59 56 
57 9 
45 16 22 49 
41 27 44 5 
56 51 7 48 50 
51 44 27 
47 
74 
31 
58 53 
36 37 2 19 
27 
59 56 
56 21 0 59 
53 7 
35 8 33 29 
45 48 15 12 
39 
63 28 63 
48 
53 28 
32 30 
68 57 
47 36 
44 35 
22 
39 5 
41 12 10 11 13 
54 15 24 
38 13 63 17 43 
41 3 10 43 
50 54 73 17 
32 30 39 
52 55 
46 45 25 24 42 
40 42 
48 
37 11 5 
67 32 
50 54 27 
64 33 61 5 52 
47 13 
34 
73 16 
23 
57 75 58 5 
18 
54 54 
41 9 72 
50 59 10 15 50 
26 25 27 
65 
43 
44 10 41 17 
52 
53 17 
27 21 27 25 50 
63 1 
48 
30 
66 57 21 29 
66 
30 36 
25 75 
51 17 53 2 50 
50 50 21 
52 
59 
51 
52 23 
57 26 
74 11 
57 7 7 19 51 
30 
63 67 
74 
47 18 
52 26 48 21 29 
73 5 
41 11 37 6 
74 72 
26 
42 31 15 
26 24 55 
33 27 14 30 33 
56 26 
34 
67 
33 25 26 2 34 
28 25 
68 60 
51 54 28 
55 47 4 
44 40 9 
49 19 17 41 
58 
62 34 
40 15 
57 
18 
44 43 31 16 
60 37 37 
61 7 
46 16 3 
43 
50 30 8 59 
49 15 
50 38 19 44 
53 52 
45 
51 52 37 9 
71 64 
50 
30 28 39 28 30 
73 7 
68 34 
33 34 
59 59 
58 60 25 
58 45 4 
36 
50 
55 30 
33 5 
48 
21 
42 17 7 20 40 
38 37 39 3 35 
37 7 39 35 
42 0 10 36 
50 25 
42 
70 
72 
40 48 7 7 
44 50 17 13 
51 25 
52 52 51 11 
60 61 
73 
56 
67 14 
56 34 17 57 30 
21 24 
60 22 31 
65 40 
20 
50 
46 
71 41 
50 54 
54 54 
73 68 
48 10 22 
50 13 13 55 
51 50 
61 
53 
47 77 
50 
70 
49 20 16 50 
44 44 
51 59 16 
45 23 29 42 
67 44 
45 48 
26 54 46 38 46 
47 
50 32 
27 
66 
37 39 35 36 
63 2 
58 34 
51 
69 10 
