40 47 34 53 29 39 38 47 37 31 32 
36 36 40 27 37 38 42 27 38 48 31 
54 44 42 42 27 55 55 38 56 38 54 
63 
69 37 51 47 59 53 45 36 50 41 39 30 47 30 40 52 50 
26 37 45 29 33 37 58 49 35 46 41 36 52 
36 46 25 28 48 54 29 52 
33 46 38 32 43 36 33 58 48 64 28 35 54 
31 
49 30 51 
25 37 46 47 48 48 40 38 
47 55 53 35 46 27 43 50 27 35 43 
30 46 58 44 30 45 50 45 47 43 56 
42 52 43 55 45 58 
52 68 48 
46 31 46 58 27 58 54 35 32 38 34 
34 27 51 51 55 60 36 29 52 30 34 34 32 
41 38 42 35 32 41 34 54 36 26 37 41 54 
26 46 40 42 48 37 
29 
57 50 58 34 25 44 
45 
54 59 40 41 28 50 58 41 32 30 49 
