0 52
1 29
2 50
3 59
4 27
5 29
6 62
7 30
8 57
9 47
10 22
11 28
12 71
13 17
14 39
15 37
16 37
17 64
18 16
19 57
20 64
21 68
22 32
23 68
24 52
25 50
26 66
27 55
28 5
29 44
30 14
31 1
32 40
33 68
34 57
35 26
36 45
37 29
38 34
39 55
40 28
41 2
42 48
43 36
44 60
45 34
46 36
47 37
48 29
49 14
50 31
51 9
52 29
53 0
54 34
55 42
56 42
57 42
58 42
59 47
60 62
61 13
62 71
63 68
64 67
65 2
66 28
67 30
68 26
69 30
70 3
71 50
72 48
73 53
74 25
75 42
76 72
77 34
78 50
79 46
80 26
81 49
82 0
83 23
84 37
85 1
86 10
87 39
88 58
89 42
90 41
91 13
92 31
93 8
94 32
95 37
96 32
97 33
98 4
99 21
100 34
101 25
102 29
103 63
104 59
105 50
106 52
107 53
108 2
109 10
110 66
111 25
112 43
113 9
114 8
115 51
116 29
117 26
118 74
119 26
120 55
121 10
122 29
123 46
124 11
125 59
126 72
127 14
128 43
129 10
130 41
131 53
132 25
133 59
134 9
135 55
136 16
137 2
138 24
139 23
140 43
141 41
142 26
143 57
144 55
145 66
146 63
147 64
148 44
149 50
150 71
151 66
152 39
153 29
154 1
155 30
156 9
157 72
158 38
159 21
160 63
161 62
162 34
163 32
164 26
165 22
166 66
167 8
168 66
169 32
170 65
171 48
172 17
173 10
174 22
175 59
176 37
177 44
178 42
179 49
180 36
181 5
182 39
183 37
184 53
185 4
186 53
187 34
188 30
189 54
190 26
191 51
192 53
193 2
194 24
195 58
196 32
197 53
198 4
199 39
200 69
201 10
202 25
203 26
204 59
205 16
206 56
207 48
208 10
209 20
210 36
211 11
212 4
213 50
214 41
215 32
216 43
217 14
218 0
219 57
220 57
221 59
222 44
223 24
224 11
225 37
226 63
227 54
228 56
229 70
230 36
231 50
232 24
233 52
234 51
235 32
236 6
237 58
238 62
239 62
240 22
241 62
242 25
243 37
244 32
245 18
246 7
247 27
248 67
249 55
250 8
251 54
252 63
253 36
254 18
255 55
256 59
257 71
258 47
259 47
260 65
261 66
262 68
263 65
264 54
265 17
266 53
267 64
268 48
269 64
270 8
271 58
272 15
273 25
274 30
275 3
276 9
277 68
278 69
279 64
280 33
281 67
282 16
283 68
284 63
285 53
286 29
287 59
288 11
289 56
290 12
291 55
292 42
293 49
294 16
295 40
296 50
297 1
298 69
299 29
300 44
301 30
302 16
303 42
304 73
305 35
306 0
307 39
308 62
309 64
310 41
311 29
312 36
313 58
314 9
315 48
316 12
317 44
318 14
319 15
320 39
321 32
322 41
323 38
324 49
325 15
326 26
327 30
328 6
329 5
330 53
331 45
332 54
333 7
334 27
335 24
336 61
337 53
338 24
339 22
340 73
341 44
342 33
343 31
344 31
345 48
346 75
347 23
348 28
349 24
350 26
351 70
352 32
353 30
354 30
355 55
356 30
357 4
358 4
359 0
360 21
361 57
362 58
363 45
364 50
365 50
366 44
367 6
368 63
369 60
370 70
371 13
372 48
373 17
374 30
375 55
376 56
377 33
378 53
379 41
380 43
381 24
382 36
383 3
384 12
385 37
386 52
387 28
388 47
389 57
390 41
391 7
392 17
393 41
394 7
395 64
396 4
397 65
398 61
399 61
400 2
401 42
402 27
403 37
404 6
405 49
406 21
407 51
408 54
409 32
410 29
411 52
412 64
413 39
414 28
415 3
416 12
417 26
418 24
419 48
420 22
421 13
422 30
423 5
424 33
425 48
426 42
427 45
428 42
429 1
430 37
431 51
432 17
433 47
434 15
435 37
436 35
437 3
438 46
439 46
440 30
441 1
442 30
443 26
444 48
445 39
446 18
447 58
448 29
449 45
450 23
451 21
452 40
453 36
454 54
455 27
456 55
457 52
458 29
459 28
460 53
461 50
462 30
463 1
464 33
465 56
466 29
467 33
468 8
469 2
470 0
471 24
472 43
473 31
474 23
475 24
476 60
477 26
478 37
479 57
480 26
481 68
482 65
483 52
484 70
485 3
486 60
487 25
488 42
489 41
490 22
491 43
492 36
493 33
494 47
495 24
496 56
497 68
498 67
499 34
500 51
501 36
502 25
503 41
504 39
505 42
506 30
507 25
508 27
509 65
510 26
511 43
512 10
513 9
514 71
515 21
516 33
517 32
518 32
519 50
520 41
521 12
522 54
523 54
524 0
525 14
526 18
527 33
528 33
529 44
530 44
531 3
532 13
533 2
534 41
535 79
536 15
537 45
538 69
539 73
540 63
541 45
542 46
543 33
544 22
545 69
546 9
547 58
548 13
549 57
550 56
551 46
552 15
553 10
554 45
555 10
556 58
557 60
558 3
559 49
560 54
561 21
562 24
563 41
564 43
565 41
566 16
567 6
568 28
569 52
570 16
571 64
572 15
573 54
574 31
575 17
576 20
577 47
578 36
579 28
580 60
581 23
582 50
583 39
584 7
585 37
586 4
587 54
588 3
589 52
590 28
591 68
592 33
593 54
594 11
595 58
596 54
597 46
598 8
599 74
600 36
601 9
602 49
603 46
604 24
605 24
606 14
607 26
608 53
609 48
610 49
611 39
612 12
613 39
614 5
615 53
616 5
617 47
618 19
619 49
620 68
621 44
622 57
623 29
624 21
625 22
626 50
627 47
628 50
629 54
630 16
631 15
632 32
633 36
634 31
635 34
636 62
637 63
638 62
639 22
640 13
641 52
642 40
643 64
644 55
645 28
646 68
647 54
648 20
649 69
650 25
651 32
652 5
653 69
654 35
655 55
656 18
657 58
658 36
659 32
660 37
661 33
662 40
663 5
664 19
665 56
666 15
667 8
668 32
669 27
670 52
671 17
672 32
673 48
674 56
675 60
676 51
677 20
678 46
679 55
680 55
681 3
682 73
683 49
684 14
685 50
686 62
687 30
688 37
689 39
690 9
691 0
692 31
693 61
694 58
695 48
696 40
697 7
698 18
699 17
700 71
701 43
702 23
703 21
704 24
705 37
706 53
707 53
708 50
709 20
710 17
711 52
712 24
713 46
714 48
715 39
716 58
717 71
718 44
719 63
720 39
721 50
722 48
723 12
724 64
725 70
726 50
727 69
728 69
729 49
730 11
731 74
732 31
733 45
734 12
735 44
736 28
737 57
738 30
739 28
740 8
741 48
742 69
743 30
744 79
745 31
746 30
747 31
748 28
749 43
750 37
751 10
752 31
753 39
754 64
755 31
756 16
757 54
758 34
759 67
760 38
761 34
762 30
763 70
764 54
765 40
766 34
767 74
768 71
769 51
770 39
771 25
772 10
773 12
774 38
775 32
776 30
777 39
778 48
779 48
780 36
781 17
782 15
783 26
784 44
785 40
786 53
787 13
788 69
789 69
790 45
791 10
792 73
793 36
794 51
795 40
796 11
797 11
798 0
799 46
800 12
801 12
802 10
803 25
804 50
805 45
806 17
807 31
808 52
809 46
810 14
811 55
812 55
813 58
814 58
815 16
816 66
817 40
818 4
819 17
820 46
821 10
822 28
823 38
824 11
825 16
826 12
827 48
828 23
829 44
830 0
831 6
832 36
833 51
834 19
835 53
836 61
837 57
838 27
839 56
840 34
841 3
842 39
843 7
844 4
845 14
846 18
847 58
848 56
849 49
850 18
851 10
852 8
853 31
854 31
855 27
856 5
857 77
858 31
859 31
860 14
861 45
862 30
863 27
864 42
865 19
866 19
867 65
868 61
869 31
870 45
871 47
872 21
873 40
874 53
875 53
876 13
877 3
878 51
879 47
880 15
881 47
882 10
883 49
884 43
885 4
886 42
887 69
888 37
889 46
890 69
891 58
892 57
893 21
894 42
895 12
896 57
897 56
898 48
899 42
900 20
901 14
902 30
903 0
904 32
905 54
906 52
907 34
908 51
909 30
910 28
911 7
912 27
913 72
914 64
915 4
916 31
917 18
918 34
919 1
920 26
921 43
922 17
923 48
924 39
925 15
926 33
927 66
928 3
929 68
930 57
931 50
932 65
933 55
934 32
935 34
936 64
937 4
938 37
939 59
940 24
941 40
942 66
943 47
944 15
945 49
946 6
947 47
948 69
949 55
950 6
951 54
952 19
953 17
954 39
955 31
956 55
957 64
958 68
959 35
960 35
961 4
962 2
963 37
964 19
965 37
966 0
967 9
968 2
969 29
970 66
971 40
972 51
973 54
974 59
975 42
976 47
977 22
978 8
979 21
980 43
981 38
982 43
983 14
984 52
985 77
986 27
987 24
988 29
989 54
990 56
991 17
992 53
993 53
994 60
995 57
996 63
997 58
998 43
999 31
1000 63
1001 36
1002 57
1003 64
1004 5
1005 29
1006 49
1007 48
1008 48
1009 48
1010 51
1011 64
1012 49
1013 37
1014 67
1015 56
1016 57
1017 57
1018 45
1019 58
1020 24
1021 29
1022 26
1023 48
1024 54
1025 63
1026 60
1027 50
1028 65
1029 4
1030 34
1031 34
1032 2
1033 5
1034 25
1035 61
1036 48
1037 66
1038 59
1039 31
1040 0
1041 59
1042 57
1043 1
1044 30
1045 42
1046 12
1047 1
1048 10
1049 55
1050 50
1051 51
1052 14
1053 54
1054 55
1055 27
1056 45
1057 36
1058 46
1059 5
1060 49
1061 26
1062 72
1063 37
1064 6
1065 36
1066 57
1067 22
1068 74
1069 6
1070 65
1071 66
1072 63
1073 2
1074 64
1075 62
1076 24
1077 59
1078 46
1079 69
1080 57
1081 61
1082 32
1083 60
1084 69
1085 36
1086 35
1087 51
1088 50
1089 73
1090 65
1091 64
1092 9
1093 42
1094 33
1095 30
1096 13
1097 31
1098 56
1099 58
1100 54
1101 23
1102 48
1103 23
1104 36
1105 6
1106 39
1107 14
1108 36
1109 35
1110 3
1111 9
1112 43
1113 4
1114 10
1115 2
1116 11
1117 30
1118 36
1119 31
1120 26
1121 73
1122 43
1123 58
1124 1
1125 66
1126 28
1127 31
1128 70
1129 56
1130 50
1131 59
1132 67
1133 43
1134 51
1135 53
1136 50
1137 34
1138 50
1139 37
1140 7
1141 5
1142 0
1143 54
1144 58
1145 33
1146 35
1147 68
1148 68
1149 36
1150 47
1151 15
1152 15
1153 62
1154 63
1155 66
1156 31
1157 39
1158 37
1159 37
1160 39
1161 32
1162 61
1163 31
1164 62
1165 44
1166 49
1167 9
1168 30
1169 14
1170 32
1171 0
1172 7
1173 56
1174 33
1175 39
1176 33
1177 47
1178 46
1179 45
1180 47
1181 45
1182 41
1183 31
1184 29
1185 54
1186 12
1187 25
1188 64
1189 59
1190 37
1191 34
1192 0
1193 36
1194 30
1195 40
1196 30
1197 64
1198 33
1199 50
1200 63
1201 39
1202 64
1203 36
1204 45
1205 21
1206 48
1207 47
1208 46
1209 15
1210 31
1211 5
1212 67
1213 0
1214 31
1215 14
1216 48
1217 27
1218 48
1219 19
1220 68
1221 67
1222 42
1223 16
1224 40
1225 12
1226 29
1227 36
1228 36
1229 36
1230 0
1231 37
1232 57
1233 25
1234 60
1235 30
1236 34
1237 13
1238 34
1239 70
1240 70
1241 49
1242 35
1243 36
1244 13
1245 1
1246 36
1247 8
1248 31
1249 5
1250 67
1251 57
1252 31
1253 2
1254 24
1255 52
1256 55
1257 66
1258 44
1259 15
1260 16
1261 14
1262 3
1263 47
1264 47
1265 23
1266 2
1267 16
1268 42
1269 37
1270 20
1271 22
1272 56
1273 34
1274 29
1275 36
1276 36
1277 49
1278 19
1279 71
1280 25
1281 72
1282 34
1283 39
1284 60
1285 28
1286 26
1287 23
1288 26
1289 68
1290 46
1291 70
1292 17
1293 33
1294 9
1295 50
1296 20
1297 22
1298 41
1299 57
1300 27
1301 68
1302 37
1303 16
1304 37
1305 53
1306 25
1307 27
1308 41
1309 66
1310 59
1311 38
1312 35
1313 37
1314 5
1315 32
1316 1
1317 60
1318 34
1319 38
1320 54
1321 25
1322 50
1323 15
1324 39
1325 37
1326 13
1327 58
1328 26
1329 50
1330 18
1331 54
1332 61
1333 39
1334 30
1335 34
1336 48
1337 56
1338 18
1339 31
1340 70
1341 51
1342 64
1343 10
1344 62
1345 67
1346 36
1347 5
1348 39
1349 30
1350 33
1351 64
1352 24
1353 34
1354 11
1355 7
1356 15
1357 44
1358 15
1359 13
1360 5
1361 55
1362 36
1363 59
1364 1
1365 38
1366 14
1367 32
1368 24
1369 31
1370 27
1371 64
1372 25
1373 62
1374 63
1375 42
1376 21
1377 38
1378 58
1379 5
1380 5
1381 56
1382 54
1383 16
1384 49
1385 49
1386 10
1387 13
1388 23
1389 44
1390 52
1391 73
1392 28
1393 24
1394 51
1395 2
1396 50
1397 53
1398 54
1399 2
1400 22
1401 17
1402 26
1403 22
1404 3
1405 36
1406 10
1407 39
1408 65
1409 25
1410 17
1411 67
1412 39
1413 53
1414 15
1415 17
1416 69
1417 71
1418 68
1419 42
1420 0
1421 11
1422 74
1423 25
1424 46
1425 32
1426 53
1427 19
1428 68
1429 37
1430 51
1431 28
1432 50
1433 40
1434 50
1435 3
1436 11
1437 61
1438 64
1439 41
1440 41
1441 71
1442 53
1443 13
1444 53
1445 27
1446 20
1447 4
1448 67
1449 36
1450 72
1451 36
1452 66
1453 66
1454 36
1455 34
1456 39
1457 39
1458 62
1459 69
1460 13
1461 55
1462 33
1463 54
1464 25
1465 42
1466 36
1467 45
1468 54
1469 3
1470 50
1471 26
1472 0
1473 32
1474 39
1475 65
1476 9
1477 29
1478 58
1479 60
1480 64
1481 73
1482 50
1483 28
1484 50
1485 29
1486 62
1487 54
1488 62
1489 35
1490 54
1491 49
1492 46
1493 5
1494 43
1495 61
1496 1
1497 52
1498 53
1499 22
1500 61
1501 50
1502 54
1503 50
1504 24
1505 51
1506 27
1507 62
1508 26
1509 24
1510 43
1511 38
1512 8
1513 15
1514 17
1515 36
1516 77
1517 42
1518 20
1519 44
1520 18
1521 60
1522 34
1523 74
1524 14
1525 60
1526 62
1527 22
1528 57
1529 14
1530 36
1531 36
1532 32
1533 66
1534 16
1535 55
1536 39
1537 60
1538 25
1539 41
1540 54
1541 52
1542 18
1543 65
1544 65
1545 70
1546 64
1547 60
1548 55
1549 17
1550 3
1551 26
1552 4
1553 25
1554 23
1555 57
1556 59
1557 2
1558 18
1559 49
1560 44
1561 53
1562 27
1563 57
1564 32
1565 20
1566 15
1567 46
1568 49
1569 1
1570 18
1571 52
1572 1
1573 50
1574 12
1575 41
1576 44
1577 49
1578 37
1579 30
1580 17
1581 14
1582 55
1583 55
1584 49
1585 34
1586 31
1587 32
1588 9
1589 12
1590 19
1591 40
1592 31
1593 41
1594 42
1595 23
1596 60
1597 4
1598 33
1599 23
1600 59
1601 53
1602 54
1603 61
1604 4
1605 21
1606 29
1607 42
1608 61
1609 4
1610 19
1611 10
1612 64
1613 28
1614 53
1615 26
1616 55
1617 54
1618 11
1619 31
1620 31
1621 30
1622 74
1623 57
1624 4
1625 64
1626 57
1627 22
1628 73
1629 55
1630 29
1631 25
1632 52
1633 28
1634 29
1635 74
1636 0
1637 43
1638 51
1639 45
1640 13
1641 18
1642 40
1643 41
1644 36
1645 22
1646 40
1647 40
1648 67
1649 14
1650 55
1651 39
1652 50
1653 59
1654 51
1655 23
1656 44
1657 14
1658 4
1659 44
1660 49
1661 25
1662 25
1663 74
1664 32
1665 49
1666 67
1667 23
1668 73
1669 50
1670 16
1671 31
1672 9
1673 32
1674 32
1675 71
1676 70
1677 43
1678 48
1679 57
1680 13
1681 44
1682 34
1683 32
1684 9
1685 37
1686 68
1687 52
1688 50
1689 39
1690 50
1691 45
1692 51
1693 26
1694 25
1695 51
1696 55
1697 22
1698 63
1699 6
1700 34
1701 56
1702 55
1703 26
1704 43
1705 54
1706 15
1707 57
1708 51
1709 53
1710 55
1711 29
1712 30
1713 31
1714 26
1715 53
1716 36
1717 9
1718 70
1719 5
1720 35
1721 63
1722 63
1723 19
1724 46
1725 26
1726 13
1727 29
1728 46
1729 51
1730 67
1731 49
1732 13
1733 21
1734 13
1735 57
1736 3
1737 56
1738 55
1739 52
1740 1
1741 27
1742 42
1743 46
1744 12
1745 57
1746 54
1747 31
1748 39
1749 34
1750 18
1751 44
1752 43
1753 44
1754 42
1755 40
1756 19
1757 10
1758 34
1759 34
1760 32
1761 31
1762 12
1763 71
1764 79
1765 71
1766 32
1767 42
1768 14
1769 12
1770 38
1771 27
1772 28
1773 26
1774 53
1775 23
1776 58
1777 56
1778 50
1779 24
1780 8
1781 66
1782 46
1783 56
1784 30
1785 67
1786 71
1787 54
1788 48
1789 20
1790 13
1791 20
1792 62
1793 65
1794 0
1795 36
1796 5
1797 39
1798 33
1799 68
1800 54
1801 49
1802 28
1803 9
1804 11
1805 2
1806 48
1807 6
1808 47
1809 16
1810 25
1811 8
1812 29
1813 79
1814 50
1815 28
1816 34
1817 29
1818 21
1819 72
1820 67
1821 33
1822 9
1823 28
1824 48
1825 11
1826 29
1827 9
1828 23
1829 38
1830 39
1831 35
1832 40
1833 4
1834 55
1835 25
1836 36
1837 32
1838 48
1839 27
1840 22
1841 25
1842 28
1843 73
1844 34
1845 34
1846 39
1847 15
1848 68
1849 50
1850 36
1851 24
1852 49
1853 21
1854 17
1855 55
1856 39
1857 58
1858 73
1859 71
1860 29
1861 66
1862 68
1863 72
1864 5
1865 55
1866 18
1867 40
1868 40
1869 23
1870 47
1871 5
1872 44
1873 43
1874 10
1875 11
1876 18
1877 37
1878 5
1879 48
1880 20
1881 49
1882 17
1883 54
1884 43
1885 37
1886 48
1887 17
1888 14
1889 56
1890 10
1891 47
1892 15
1893 17
1894 23
1895 30
1896 54
1897 29
1898 52
1899 3
1900 58
1901 55
1902 30
1903 13
1904 58
1905 19
1906 26
1907 55
1908 61
1909 47
1910 48
1911 45
1912 3
1913 10
1914 15
1915 9
1916 69
1917 74
1918 55
1919 17
1920 60
1921 63
1922 54
1923 36
1924 74
1925 30
1926 13
1927 41
1928 1
1929 18
1930 27
1931 19
1932 35
1933 7
1934 4
1935 41
1936 49
1937 74
1938 65
1939 56
1940 37
1941 2
1942 46
1943 56
1944 46
1945 14
1946 50
1947 27
1948 16
1949 68
1950 8
1951 11
1952 21
1953 41
1954 29
1955 26
1956 50
1957 50
1958 59
1959 28
1960 32
1961 3
1962 21
1963 25
1964 26
1965 29
1966 47
1967 10
1968 15
1969 24
1970 34
1971 78
1972 34
1973 60
1974 3
1975 43
1976 62
1977 33
1978 41
1979 4
1980 26
1981 52
1982 0
1983 14
1984 50
1985 49
1986 63
1987 63
1988 51
1989 50
1990 16
1991 52
1992 69
1993 68
1994 48
1995 20
1996 46
1997 62
1998 44
1999 29
2000 31
2001 30
2002 20
2003 51
2004 12
2005 51
2006 74
2007 50
2008 41
2009 53
2010 18
2011 56
2012 49
2013 39
2014 36
2015 54
2016 25
2017 37
2018 36
2019 34
2020 10
2021 8
2022 62
2023 78
2024 40
2025 39
2026 12
2027 33
2028 41
2029 26
2030 26
2031 26
2032 48
2033 30
2034 5
2035 52
2036 53
2037 71
2038 73
2039 70
2040 51
2041 59
2042 38
2043 58
2044 36
2045 55
2046 57
2047 17
2048 46
2049 46
2050 25
2051 23
2052 29
2053 32
2054 32
2055 25
2056 58
2057 2
2058 45
2059 58
2060 46
2061 13
2062 47
2063 49
2064 19
2065 46
2066 45
2067 37
2068 20
2069 57
2070 59
2071 68
2072 27
2073 71
2074 9
2075 24
2076 72
2077 9
2078 59
2079 6
2080 42
2081 22
2082 27
2083 15
2084 6
2085 36
2086 9
2087 8
2088 58
2089 19
2090 63
2091 39
2092 61
2093 24
2094 41
2095 41
2096 5
2097 40
2098 18
2099 67
2100 46
2101 35
2102 14
2103 7
2104 40
2105 3
2106 36
2107 13
2108 63
2109 60
2110 28
2111 41
2112 30
2113 9
2114 52
2115 42
2116 10
2117 59
2118 59
2119 62
2120 21
2121 53
2122 28
2123 54
2124 57
2125 46
2126 28
2127 20
2128 21
2129 49
2130 11
2131 33
2132 16
2133 18
2134 35
2135 42
2136 46
2137 15
2138 21
2139 50
2140 52
2141 23
2142 57
2143 60
2144 31
2145 56
2146 67
2147 40
2148 45
2149 26
2150 10
2151 57
2152 53
2153 1
2154 19
2155 57
2156 35
2157 2
2158 47
2159 27
2160 13
2161 51
2162 24
2163 67
2164 66
2165 24
2166 25
2167 6
2168 4
2169 26
2170 51
2171 31
2172 38
2173 31
2174 32
2175 64
2176 28
2177 18
2178 52
2179 18
2180 29
2181 14
2182 51
2183 56
2184 33
2185 53
2186 48
2187 40
2188 63
2189 63
2190 67
2191 32
2192 33
2193 32
2194 61
2195 34
2196 25
2197 23
2198 22
2199 59
2200 45
2201 16
2202 20
2203 64
2204 64
2205 34
2206 49
2207 21
2208 1
2209 47
2210 50
2211 12
2212 58
2213 72
2214 31
2215 19
2216 58
2217 57
2218 77
2219 39
2220 52
2221 54
2222 29
2223 52
2224 11
2225 26
2226 30
2227 72
2228 57
2229 25
2230 57
2231 35
2232 9
2233 35
2234 39
2235 10
2236 55
2237 24
2238 54
2239 52
2240 18
2241 63
2242 40
2243 17
2244 6
2245 16
2246 60
2247 17
2248 31
2249 8
2250 7
2251 67
2252 32
2253 4
2254 8
2255 36
2256 64
2257 18
2258 66
2259 50
2260 36
2261 23
2262 47
2263 33
2264 43
2265 47
2266 46
2267 44
2268 25
2269 4
2270 40
2271 25
2272 40
2273 42
2274 42
2275 25
2276 26
2277 28
2278 7
2279 40
2280 40
2281 1
2282 18
2283 11
2284 27
2285 32
2286 14
2287 33
2288 33
2289 27
2290 54
2291 23
2292 18
2293 24
2294 54
2295 66
2296 47
2297 16
2298 49
2299 71
2300 74
2301 72
2302 42
2303 35
2304 27
2305 3
2306 36
2307 74
2308 62
2309 63
2310 61
2311 5
2312 65
2313 50
2314 22
2315 41
2316 44
2317 36
2318 61
2319 26
2320 65
2321 54
2322 10
2323 38
2324 41
2325 51
2326 26
2327 42
2328 40
2329 32
2330 17
2331 31
2332 60
2333 5
2334 29
2335 22
2336 2
2337 34
2338 41
2339 40
2340 11
2341 18
2342 72
2343 32
2344 34
2345 6
2346 37
2347 10
2348 57
2349 62
2350 70
2351 27
2352 39
2353 69
2354 9
2355 30
2356 35
2357 50
2358 46
2359 27
2360 52
2361 29
2362 22
2363 33
2364 29
2365 5
2366 39
2367 46
2368 47
2369 27
2370 20
2371 52
2372 27
2373 16
2374 34
2375 32
2376 42
2377 40
2378 40
2379 42
2380 11
2381 15
2382 36
2383 37
2384 27
2385 28
2386 25
2387 56
2388 64
2389 36
2390 55
2391 60
2392 46
2393 16
2394 16
2395 30
2396 34
2397 53
2398 27
2399 26
2400 32
2401 49
2402 14
2403 3
2404 26
2405 64
2406 74
2407 66
2408 28
2409 62
2410 61
2411 59
2412 40
2413 43
2414 28
2415 29
2416 6
2417 28
2418 7
2419 63
2420 34
2421 54
2422 39
2423 3
2424 76
2425 19
2426 49
2427 46
2428 11
2429 46
2430 25
2431 61
2432 13
2433 28
2434 3
2435 6
2436 28
2437 32
2438 45
2439 48
2440 57
2441 8
2442 45
2443 10
2444 57
2445 25
2446 30
2447 34
2448 10
2449 44
2450 17
2451 14
2452 0
2453 42
2454 11
2455 61
2456 9
2457 55
2458 71
2459 25
2460 27
2461 6
2462 33
2463 32
2464 7
2465 34
2466 37
2467 62
2468 0
2469 28
2470 27
2471 34
2472 0
2473 4
2474 53
2475 21
2476 50
2477 44
2478 46
2479 8
2480 14
2481 52
2482 11
2483 28
2484 16
2485 60
2486 8
2487 6
2488 59
2489 58
2490 65
2491 24
2492 21
2493 45
2494 18
2495 2
2496 45
2497 3
2498 30
2499 48
2500 9
2501 30
2502 45
2503 44
2504 12
2505 60
2506 3
2507 54
2508 15
2509 52
2510 26
2511 4
2512 46
2513 21
2514 37
2515 58
2516 22
2517 53
2518 37
2519 18
2520 50
2521 48
2522 59
2523 7
2524 8
2525 51
2526 14
2527 55
2528 20
2529 32
2530 32
2531 8
2532 35
2533 29
2534 24
2535 53
2536 32
2537 14
2538 57
2539 44
2540 37
2541 24
2542 56
2543 25
2544 13
2545 2
2546 36
2547 37
2548 38
2549 54
2550 25
2551 16
2552 27
2553 24
2554 33
2555 18
2556 61
2557 62
2558 17
2559 60
2560 61
2561 51
2562 11
2563 30
2564 50
2565 1
2566 23
2567 57
2568 57
2569 31
2570 29
2571 25
2572 0
2573 52
2574 51
2575 72
2576 27
2577 50
2578 14
2579 54
2580 30
2581 50
2582 0
2583 50
2584 32
2585 26
2586 25
2587 28
2588 52
2589 45
2590 22
2591 6
2592 59
2593 30
2594 40
2595 18
2596 69
2597 65
2598 46
2599 31
2600 29
2601 8
2602 26
2603 26
2604 25
2605 3
2606 28
2607 28
2608 20
2609 28
2610 42
2611 3
2612 48
2613 41
2614 67
2615 39
2616 6
2617 30
2618 25
2619 63
2620 6
2621 45
2622 40
2623 16
2624 15
2625 40
2626 52
2627 53
2628 25
2629 5
2630 61
2631 63
2632 36
2633 6
2634 8
2635 33
2636 22
2637 37
2638 13
2639 4
2640 51
2641 36
2642 15
2643 44
2644 11
2645 12
2646 13
2647 29
2648 69
2649 60
2650 19
2651 43
2652 53
2653 4
2654 30
2655 48
2656 54
2657 68
2658 59
2659 20
2660 30
2661 38
2662 30
2663 26
2664 30
2665 61
2666 55
2667 18
2668 19
2669 74
2670 44
2671 60
2672 62
2673 42
2674 42
2675 5
2676 49
2677 40
2678 59
2679 57
2680 9
2681 39
2682 1
2683 43
2684 32
2685 45
2686 32
2687 14
2688 16
2689 17
2690 39
2691 48
2692 50
2693 32
2694 47
2695 20
2696 34
2697 38
2698 63
2699 37
2700 36
2701 27
2702 30
2703 54
2704 53
2705 71
2706 62
2707 31
2708 33
2709 5
2710 67
2711 69
2712 60
2713 9
2714 65
2715 29
2716 72
2717 46
2718 37
2719 46
2720 8
2721 46
2722 23
2723 32
2724 36
2725 56
2726 55
2727 41
2728 9
2729 7
2730 33
2731 68
2732 34
2733 51
2734 19
2735 70
2736 2
2737 53
2738 56
2739 55
2740 56
2741 26
2742 25
2743 27
2744 65
2745 41
2746 41
2747 37
2748 8
2749 16
2750 70
2751 28
2752 33
2753 33
2754 4
2755 74
2756 10
2757 66
2758 69
2759 28
2760 31
2761 67
2762 63
2763 11
2764 63
2765 21
2766 34
2767 5
2768 40
2769 42
2770 7
2771 32
2772 4
2773 33
2774 45
2775 9
2776 12
2777 49
2778 48
2779 49
2780 31
2781 17
2782 50
2783 31
2784 60
2785 0
2786 48
2787 47
2788 49
2789 26
2790 24
2791 19
2792 53
2793 42
2794 41
2795 49
2796 63
2797 4
2798 54
2799 14
2800 53
2801 51
2802 53
2803 54
2804 16
2805 66
2806 36
2807 55
2808 46
2809 31
2810 58
2811 43
2812 10
2813 36
2814 36
2815 4
2816 45
2817 43
2818 15
2819 51
2820 25
2821 12
2822 16
2823 53
2824 64
2825 62
2826 19
2827 28
2828 42
2829 40
2830 3
2831 16
2832 64
2833 2
2834 55
2835 4
2836 21
2837 32
2838 8
2839 43
2840 34
2841 27
2842 21
2843 26
2844 61
2845 19
2846 53
2847 55
2848 32
2849 59
2850 41
2851 8
2852 5
2853 45
2854 37
2855 36
2856 10
2857 1
2858 72
2859 42
2860 67
2861 22
2862 68
2863 74
2864 60
2865 46
2866 36
2867 1
2868 55
2869 56
2870 57
2871 51
2872 15
2873 17
2874 32
2875 4
2876 50
2877 17
2878 65
2879 46
2880 44
2881 52
2882 18
2883 24
2884 53
2885 32
2886 6
2887 28
2888 62
2889 51
2890 17
2891 44
2892 9
2893 40
2894 35
2895 59
2896 40
2897 18
2898 41
2899 68
2900 49
2901 46
2902 16
2903 34
2904 56
2905 59
2906 19
2907 31
2908 22
2909 21
2910 37
2911 64
2912 1
2913 47
2914 68
2915 67
2916 68
2917 62
2918 43
2919 55
2920 29
2921 67
2922 36
2923 64
2924 13
2925 56
2926 61
2927 48
2928 11
2929 21
2930 39
2931 9
2932 65
2933 27
2934 34
2935 21
2936 49
2937 14
2938 16
2939 67
2940 36
2941 39
2942 30
2943 25
2944 32
2945 65
2946 40
2947 73
2948 40
2949 70
2950 28
2951 37
2952 8
2953 35
2954 48
2955 46
2956 12
2957 24
2958 29
2959 30
2960 70
2961 41
2962 50
2963 31
2964 36
2965 35
2966 11
2967 48
2968 32
2969 1
2970 56
2971 59
2972 21
2973 10
2974 20
2975 38
2976 48
2977 43
2978 40
2979 42
2980 8
2981 36
2982 58
2983 41
2984 39
2985 8
2986 36
2987 3
2988 29
2989 25
2990 64
2991 61
2992 50
2993 74
2994 70
2995 29
2996 31
2997 3
2998 56
2999 55
3000 36
3001 21
3002 25
3003 25
3004 48
3005 17
3006 29
3007 44
3008 48
3009 39
3010 41
3011 8
3012 63
3013 63
3014 63
3015 67
3016 37
3017 35
3018 64
3019 32
3020 26
3021 48
3022 48
3023 50
3024 9
3025 51
3026 25
3027 31
3028 34
3029 47
3030 35
3031 37
3032 36
3033 22
3034 47
3035 53
3036 34
3037 0
3038 12
3039 38
3040 45
3041 47
3042 72
3043 28
3044 65
3045 29
3046 37
3047 39
3048 12
3049 42
3050 62
3051 29
3052 3
3053 55
3054 25
3055 28
3056 25
3057 25
3058 11
3059 51
3060 20
3061 45
3062 26
3063 33
3064 18
3065 46
3066 55
3067 55
3068 15
3069 44
3070 58
3071 32
3072 45
3073 8
3074 13
3075 5
3076 62
3077 51
3078 57
3079 3
3080 6
3081 64
3082 29
3083 71
3084 30
3085 32
3086 39
3087 34
3088 35
3089 53
3090 43
3091 16
3092 71
3093 48
3094 72
3095 43
3096 41
3097 43
3098 47
3099 43
3100 52
3101 51
3102 31
3103 58
3104 35
3105 17
3106 30
3107 6
3108 53
3109 2
3110 52
3111 47
3112 46
3113 7
3114 49
3115 37
3116 10
3117 46
3118 15
3119 54
3120 20
3121 50
3122 42
3123 11
3124 15
3125 46
3126 24
3127 24
3128 21
3129 40
3130 71
3131 21
3132 35
3133 24
3134 22
3135 52
3136 45
3137 28
3138 56
3139 23
3140 56
3141 29
3142 66
3143 72
3144 50
3145 64
3146 0
3147 37
3148 32
3149 69
3150 28
3151 43
3152 36
3153 26
3154 32
3155 37
3156 59
3157 34
3158 55
3159 58
3160 39
3161 52
3162 54
3163 72
3164 12
3165 65
3166 70
3167 38
3168 57
3169 59
3170 32
3171 27
3172 50
3173 29
3174 49
3175 70
3176 46
3177 29
3178 23
3179 56
3180 27
3181 54
3182 22
3183 10
3184 10
3185 59
3186 49
3187 27
3188 6
3189 51
3190 52
3191 21
3192 4
3193 17
3194 36
3195 7
3196 57
3197 59
3198 23
3199 66
3200 42
3201 43
3202 36
3203 26
3204 33
3205 3
3206 51
3207 57
3208 56
3209 50
3210 50
3211 51
3212 54
3213 44
3214 10
3215 31
3216 22
3217 13
3218 41
3219 1
3220 41
3221 37
3222 32
3223 73
3224 72
3225 43
3226 56
3227 1
3228 7
3229 58
3230 73
3231 55
3232 56
3233 28
3234 49
3235 39
3236 49
3237 48
3238 62
3239 67
3240 37
3241 49
3242 55
3243 59
3244 52
3245 31
3246 33
3247 30
3248 74
3249 21
3250 25
3251 31
3252 39
3253 9
3254 72
3255 71
3256 31
3257 31
3258 36
3259 33
3260 3
3261 22
3262 15
3263 18
3264 68
3265 39
3266 78
3267 47
3268 46
3269 19
3270 51
3271 58
3272 51
3273 27
3274 31
3275 55
3276 64
3277 56
3278 57
3279 28
3280 33
3281 49
3282 34
3283 33
3284 66
3285 69
3286 42
3287 45
3288 46
3289 13
3290 12
3291 54
3292 45
3293 23
3294 28
3295 34
3296 51
3297 30
3298 39
3299 49
3300 13
3301 64
3302 40
3303 45
3304 58
3305 66
3306 33
3307 48
3308 6
3309 41
3310 46
3311 13
3312 65
3313 65
3314 64
3315 40
3316 61
3317 21
3318 39
3319 29
3320 18
3321 34
3322 35
3323 57
3324 59
3325 69
3326 21
3327 7
3328 50
3329 9
3330 50
3331 13
3332 25
3333 59
3334 57
3335 73
3336 39
3337 57
3338 66
3339 56
3340 35
3341 36
3342 30
3343 5
3344 3
3345 51
3346 53
3347 51
3348 10
3349 47
3350 62
3351 39
3352 32
3353 36
3354 33
3355 7
3356 63
3357 39
3358 0
3359 2
3360 2
3361 28
3362 48
3363 60
3364 27
3365 47
3366 22
3367 25
3368 46
3369 30
3370 63
3371 34
3372 56
3373 61
3374 32
3375 39
3376 64
3377 63
3378 52
3379 7
3380 71
3381 71
3382 58
3383 43
3384 65
3385 68
3386 33
3387 47
3388 62
3389 59
3390 1
3391 29
3392 28
3393 60
3394 57
3395 57
3396 58
3397 53
3398 30
3399 30
3400 42
3401 10
3402 42
3403 37
3404 10
3405 10
3406 10
3407 42
3408 5
3409 53
3410 10
3411 19
3412 48
3413 30
3414 12
3415 65
3416 10
3417 67
3418 51
3419 52
3420 21
3421 22
3422 46
3423 22
3424 52
3425 0
3426 16
3427 52
3428 12
3429 57
3430 22
3431 59
3432 30
3433 42
3434 11
3435 35
3436 40
3437 48
3438 46
3439 49
3440 71
3441 49
3442 65
3443 37
3444 53
3445 46
3446 26
3447 29
3448 55
3449 61
3450 23
3451 45
3452 48
3453 47
3454 5
3455 4
3456 51
3457 25
3458 15
3459 54
3460 52
3461 32
3462 33
3463 8
3464 36
3465 36
3466 36
3467 19
3468 36
3469 39
3470 26
3471 13
3472 58
3473 7
3474 48
3475 30
3476 25
3477 8
3478 16
3479 32
3480 2
3481 30
3482 25
3483 6
3484 48
3485 60
3486 57
3487 25
3488 25
3489 1
3490 58
3491 33
3492 24
3493 45
3494 5
3495 22
3496 15
3497 25
3498 29
3499 45
3500 49
3501 49
3502 28
3503 18
3504 23
3505 67
3506 31
3507 55
3508 31
3509 3
3510 64
3511 62
3512 43
3513 11
3514 55
3515 22
3516 28
3517 7
3518 63
3519 68
3520 68
3521 58
3522 57
3523 8
3524 56
3525 56
3526 5
3527 41
3528 72
3529 68
3530 45
3531 17
3532 65
3533 60
3534 19
3535 50
3536 1
3537 30
3538 65
3539 43
3540 77
3541 9
3542 6
3543 34
3544 30
3545 53
3546 50
3547 60
3548 60
3549 49
3550 58
3551 14
3552 62
3553 33
3554 35
3555 10
3556 37
3557 13
3558 69
3559 68
3560 49
3561 45
3562 11
3563 47
3564 43
3565 20
3566 47
3567 11
3568 45
3569 13
3570 46
3571 41
3572 47
3573 24
3574 36
3575 48
3576 27
3577 35
3578 36
3579 10
3580 37
3581 31
3582 0
3583 42
3584 66
3585 43
3586 5
3587 11
3588 66
3589 10
3590 44
3591 37
3592 14
3593 6
3594 39
3595 2
3596 32
3597 51
3598 24
3599 12
3600 52
3601 58
3602 33
3603 63
3604 25
3605 3
3606 39
3607 7
3608 5
3609 54
3610 32
3611 3
3612 36
3613 39
3614 36
3615 43
3616 62
3617 69
3618 69
3619 53
3620 32
3621 30
3622 34
3623 42
3624 46
3625 23
3626 45
3627 31
3628 19
3629 54
3630 50
3631 50
3632 32
3633 52
3634 32
3635 56
3636 39
3637 48
3638 40
3639 46
3640 19
3641 18
3642 55
3643 34
3644 53
3645 50
3646 16
3647 28
3648 36
3649 45
3650 44
3651 15
3652 74
3653 30
3654 26
3655 28
3656 35
3657 48
3658 17
3659 48
3660 45
3661 43
3662 16
3663 2
3664 8
3665 35
3666 53
3667 53
3668 6
3669 13
3670 1
3671 53
3672 66
3673 38
3674 44
3675 69
3676 28
3677 52
3678 29
3679 30
3680 51
3681 55
3682 36
3683 59
3684 37
3685 34
3686 41
3687 41
3688 7
3689 37
3690 11
3691 9
3692 36
3693 5
3694 40
3695 14
3696 40
3697 49
3698 4
3699 47
3700 15
3701 0
3702 28
3703 32
3704 4
3705 4
3706 29
3707 31
3708 6
3709 47
3710 15
3711 53
3712 31
3713 36
3714 62
3715 14
3716 33
3717 33
3718 42
3719 43
3720 16
3721 14
3722 42
3723 34
3724 34
3725 50
3726 24
3727 38
3728 57
3729 40
3730 35
3731 63
3732 23
3733 34
3734 63
3735 69
3736 58
3737 65
3738 64
3739 36
3740 37
3741 39
3742 34
3743 37
3744 1
3745 37
3746 40
3747 36
3748 7
3749 58
3750 32
3751 18
3752 39
3753 24
3754 6
3755 48
3756 37
3757 33
3758 48
3759 17
3760 50
3761 5
3762 50
3763 50
3764 30
3765 9
3766 33
3767 29
3768 25
3769 51
3770 6
3771 54
3772 51
3773 70
3774 37
3775 37
3776 12
3777 0
3778 20
3779 36
3780 4
3781 34
3782 3
3783 9
3784 59
3785 58
3786 50
3787 20
3788 45
3789 22
3790 30
3791 34
3792 32
3793 2
3794 8
3795 70
3796 66
3797 46
3798 10
3799 45
3800 11
3801 42
3802 43
3803 15
3804 59
3805 56
3806 48
3807 43
3808 44
3809 1
3810 46
3811 13
3812 65
3813 0
3814 69
3815 41
3816 69
3817 42
3818 15
3819 9
3820 33
3821 36
3822 30
3823 44
3824 6
3825 5
3826 62
3827 3
3828 55
3829 66
3830 69
3831 19
3832 42
3833 6
3834 12
3835 70
3836 33
3837 20
3838 33
3839 0
3840 34
3841 37
3842 45
3843 13
3844 19
3845 15
3846 42
3847 60
3848 21
3849 19
3850 72
3851 32
3852 10
3853 2
3854 58
3855 57
3856 7
3857 45
3858 49
3859 42
3860 36
3861 37
3862 33
3863 31
3864 4
3865 32
3866 60
3867 36
3868 21
3869 36
3870 18
3871 74
3872 39
3873 42
3874 60
3875 39
3876 69
3877 12
3878 63
3879 61
3880 24
3881 24
3882 59
3883 1
3884 1
3885 21
3886 20
3887 45
3888 79
3889 34
3890 3
3891 31
3892 6
3893 36
3894 30
3895 12
3896 12
3897 29
3898 27
3899 33
3900 18
3901 27
3902 64
3903 67
3904 49
3905 45
3906 35
3907 24
3908 72
3909 53
3910 59
3911 22
3912 4
3913 24
3914 32
3915 50
3916 53
3917 9
3918 3
3919 54
3920 54
3921 23
3922 52
3923 51
3924 45
3925 51
3926 0
3927 51
3928 50
3929 65
3930 59
3931 12
3932 32
3933 59
3934 47
3935 49
3936 64
3937 62
3938 63
3939 42
3940 21
3941 43
3942 43
3943 41
3944 68
3945 14
3946 40
3947 16
3948 66
3949 58
3950 27
3951 22
3952 44
3953 7
3954 23
3955 40
3956 51
3957 37
3958 2
3959 34
3960 16
3961 49
3962 13
3963 20
3964 22
3965 28
3966 61
3967 31
3968 14
3969 5
3970 1
3971 65
3972 6
3973 53
3974 15
3975 33
3976 51
3977 52
3978 42
3979 37
3980 71
3981 40
3982 36
3983 45
3984 49
3985 32
3986 49
3987 68
3988 44
3989 7
3990 11
3991 51
3992 27
3993 54
3994 32
3995 71
3996 19
3997 19
3998 59
3999 13
4000 58
4001 46
4002 22
4003 45
4004 59
4005 49
4006 26
4007 20
4008 42
4009 39
4010 36
4011 42
4012 3
4013 10
4014 44
4015 29
4016 32
4017 56
4018 28
4019 37
4020 32
4021 9
4022 36
4023 49
4024 74
4025 17
4026 48
4027 50
4028 31
4029 4
4030 16
4031 12
4032 31
4033 33
4034 1
4035 34
4036 47
4037 7
4038 52
4039 10
4040 67
4041 44
4042 34
4043 36
4044 8
4045 28
4046 64
4047 61
4048 56
4049 50
4050 52
4051 29
4052 61
4053 26
4054 25
4055 34
4056 2
4057 66
4058 49
4059 47
4060 45
4061 32
4062 61
4063 64
4064 58
4065 58
4066 59
4067 69
4068 8
4069 30
4070 41
4071 40
4072 47
4073 47
4074 48
4075 74
4076 73
4077 70
4078 43
4079 31
4080 39
4081 17
4082 39
4083 32
4084 32
4085 39
4086 65
4087 27
4088 18
4089 63
4090 37
4091 21
4092 58
4093 58
4094 63
4095 26
4096 31
4097 69
4098 29
4099 64
4100 69
4101 31
4102 33
4103 48
4104 14
4105 50
4106 50
4107 29
4108 6
4109 14
4110 73
4111 78
4112 72
4113 6
4114 25
4115 59
4116 19
4117 42
4118 16
4119 49
4120 52
4121 19
4122 46
4123 48
4124 47
4125 7
4126 70
4127 27
4128 25
4129 29
4130 70
4131 14
4132 25
4133 51
4134 9
4135 28
4136 39
4137 65
4138 67
4139 34
4140 39
4141 39
4142 27
4143 38
4144 36
4145 41
4146 55
4147 43
4148 48
4149 3
4150 45
4151 7
4152 7
4153 74
4154 71
4155 40
4156 41
4157 42
4158 25
4159 32
4160 26
4161 0
4162 2
4163 62
4164 58
4165 2
4166 63
4167 11
4168 60
4169 16
4170 61
4171 28
4172 46
4173 2
4174 24
4175 16
4176 39
4177 7
4178 31
4179 35
4180 14
4181 33
4182 30
4183 3
4184 33
4185 54
4186 33
4187 30
4188 52
4189 53
4190 53
4191 52
4192 52
4193 27
4194 48
4195 31
4196 13
4197 62
4198 32
4199 70
4200 23
4201 72
4202 37
4203 2
4204 35
4205 70
4206 60
4207 28
4208 18
4209 43
4210 72
4211 68
4212 68
4213 1
4214 57
4215 34
4216 33
4217 44
4218 8
4219 70
4220 52
4221 57
4222 45
4223 55
4224 44
4225 0
4226 28
4227 43
4228 41
4229 48
4230 16
4231 48
4232 12
4233 44
4234 43
4235 36
4236 12
4237 14
4238 54
4239 55
4240 59
4241 13
4242 57
4243 43
4244 10
4245 40
4246 18
4247 67
4248 71
4249 34
4250 8
4251 39
4252 51
4253 35
4254 12
4255 72
4256 19
4257 53
4258 40
4259 61
4260 26
4261 67
4262 41
4263 15
4264 13
4265 5
4266 49
4267 22
4268 66
4269 17
4270 22
4271 74
4272 0
4273 66
4274 74
4275 74
4276 36
4277 39
4278 45
4279 47
4280 25
4281 40
4282 35
4283 43
4284 48
4285 27
4286 49
4287 15
4288 54
4289 34
4290 45
4291 11
4292 17
4293 25
4294 57
4295 17
4296 44
4297 29
4298 31
4299 34
4300 0
4301 70
4302 6
4303 35
4304 18
4305 36
4306 7
4307 49
4308 40
4309 8
4310 44
4311 17
4312 54
4313 68
4314 66
4315 40
4316 26
4317 32
4318 41
4319 60
4320 41
4321 43
4322 66
4323 40
4324 59
4325 20
4326 55
4327 8
4328 36
4329 18
4330 34
4331 7
4332 60
4333 26
4334 29
4335 25
4336 7
4337 22
4338 48
4339 57
4340 37
4341 52
4342 40
4343 54
4344 64
4345 39
4346 64
4347 17
4348 66
4349 5
4350 10
4351 48
4352 16
4353 34
4354 23
4355 73
4356 32
4357 40
4358 43
4359 27
4360 46
4361 65
4362 65
4363 46
4364 28
4365 20
4366 49
4367 60
4368 3
4369 46
4370 39
4371 39
4372 7
4373 65
4374 51
4375 54
4376 70
4377 23
4378 53
4379 24
4380 19
4381 15
4382 51
4383 62
4384 15
4385 44
4386 10
4387 64
4388 38
4389 47
4390 12
4391 49
4392 19
4393 29
4394 58
4395 54
4396 19
4397 64
4398 31
4399 59
4400 39
4401 11
4402 7
4403 5
4404 65
4405 65
4406 65
4407 65
4408 26
4409 62
4410 58
4411 7
4412 72
4413 74
4414 64
4415 51
4416 13
4417 31
4418 45
4419 23
4420 50
4421 32
4422 41
4423 3
4424 39
4425 1
4426 41
4427 44
4428 26
4429 10
4430 4
4431 54
4432 2
4433 70
4434 31
4435 29
4436 28
4437 42
4438 5
4439 70
4440 7
4441 56
4442 70
4443 31
4444 71
4445 37
4446 72
4447 42
4448 32
4449 42
4450 15
4451 70
4452 13
4453 73
4454 50
4455 74
4456 72
4457 28
4458 26
4459 51
4460 47
4461 17
4462 14
4463 47
4464 36
4465 60
4466 5
4467 64
4468 61
4469 36
4470 61
4471 25
4472 62
4473 27
4474 54
4475 15
4476 26
4477 17
4478 28
4479 22
4480 1
4481 60
4482 37
4483 52
4484 56
4485 55
4486 41
4487 32
4488 20
4489 52
4490 11
4491 45
4492 64
4493 33
4494 35
4495 16
4496 46
4497 16
4498 41
4499 58
4500 57
4501 28
4502 73
4503 56
4504 18
4505 26
4506 23
4507 27
4508 70
4509 65
4510 23
4511 47
4512 60
4513 50
4514 24
4515 52
4516 29
4517 10
4518 51
4519 34
4520 65
4521 47
4522 56
4523 40
4524 7
4525 20
4526 39
4527 4
4528 31
4529 35
4530 26
4531 21
4532 28
4533 59
4534 46
4535 72
4536 49
4537 12
4538 49
4539 46
4540 43
4541 71
4542 69
4543 48
4544 28
4545 46
4546 48
4547 23
4548 66
4549 28
4550 64
4551 29
4552 23
4553 67
4554 37
4555 50
4556 12
4557 46
4558 74
4559 65
4560 39
4561 61
4562 4
4563 55
4564 51
4565 70
4566 25
4567 66
4568 36
4569 41
4570 28
4571 41
4572 42
4573 58
4574 13
4575 25
4576 77
4577 53
4578 71
4579 34
4580 45
4581 40
4582 47
4583 58
4584 60
4585 34
4586 37
4587 27
4588 37
4589 10
4590 39
4591 17
4592 33
4593 42
4594 3
4595 47
4596 40
4597 44
4598 26
4599 0
4600 6
4601 36
4602 8
4603 12
4604 35
4605 53
4606 46
4607 61
4608 59
4609 62
4610 53
4611 43
4612 5
4613 54
4614 8
4615 69
4616 14
4617 56
4618 55
4619 44
4620 15
4621 14
4622 15
4623 35
4624 19
4625 10
4626 36
4627 17
4628 51
4629 36
4630 14
4631 52
4632 45
4633 45
4634 46
4635 47
4636 50
4637 29
4638 56
4639 28
4640 59
4641 33
4642 49
4643 13
4644 47
4645 53
4646 24
4647 39
4648 39
4649 42
4650 29
4651 14
4652 62
4653 47
4654 16
4655 52
4656 36
4657 41
4658 39
4659 8
4660 39
4661 65
4662 40
4663 43
4664 29
4665 30
4666 53
4667 23
4668 26
4669 25
4670 25
4671 57
4672 31
4673 2
4674 27
4675 29
4676 20
4677 37
4678 36
4679 42
4680 51
4681 14
4682 29
4683 44
4684 30
4685 39
4686 20
4687 61
4688 31
4689 69
4690 55
4691 55
4692 4
4693 59
4694 43
4695 12
4696 46
4697 46
4698 45
4699 51
4700 31
4701 49
4702 27
4703 56
4704 25
4705 58
4706 59
4707 59
4708 29
4709 62
4710 37
4711 22
4712 26
4713 50
4714 41
4715 24
4716 31
4717 64
4718 22
4719 44
4720 32
4721 43
4722 60
4723 54
4724 52
4725 11
4726 51
4727 19
4728 39
4729 39
4730 30
4731 35
4732 16
4733 62
4734 49
4735 45
4736 8
4737 41
4738 25
4739 53
4740 63
4741 60
4742 64
4743 15
4744 40
4745 35
4746 47
4747 38
4748 17
4749 74
4750 47
4751 30
4752 31
4753 9
4754 8
4755 51
4756 35
4757 18
4758 20
4759 36
4760 49
4761 15
4762 21
4763 41
4764 44
4765 32
4766 25
4767 28
4768 55
4769 15
4770 51
4771 26
4772 29
4773 53
4774 30
4775 31
4776 30
4777 41
4778 6
4779 53
4780 24
4781 47
4782 48
4783 42
4784 42
4785 9
4786 41
4787 36
4788 64
4789 27
4790 39
4791 60
4792 16
4793 60
4794 29
4795 46
4796 27
4797 35
4798 56
4799 18
4800 22
4801 20
4802 53
4803 50
4804 10
4805 47
4806 46
4807 20
4808 44
4809 48
4810 40
4811 6
4812 64
4813 3
4814 55
4815 13
4816 55
4817 53
4818 18
4819 60
4820 43
4821 23
4822 30
4823 57
4824 45
4825 62
4826 25
4827 68
4828 7
4829 31
4830 21
4831 33
4832 37
4833 53
4834 7
4835 50
4836 41
4837 1
4838 38
4839 52
4840 20
4841 6
4842 15
4843 41
4844 13
4845 5
4846 43
4847 31
4848 36
4849 43
4850 39
4851 13
4852 10
4853 68
4854 66
4855 67
4856 44
4857 14
4858 15
4859 6
4860 70
4861 36
4862 48
4863 10
4864 45
4865 8
4866 48
4867 48
4868 17
4869 18
4870 51
4871 40
4872 52
4873 55
4874 50
4875 59
4876 48
4877 53
4878 63
4879 14
4880 68
4881 21
4882 24
4883 58
4884 28
4885 63
4886 64
4887 26
4888 64
4889 62
4890 55
4891 36
4892 60
4893 62
4894 3
4895 72
4896 2
4897 25
4898 58
4899 19
4900 52
4901 14
4902 57
4903 36
4904 14
4905 5
4906 72
4907 62
4908 61
4909 55
4910 57
4911 53
4912 27
4913 44
4914 8
4915 41
4916 21
4917 56
4918 22
4919 67
4920 11
4921 23
4922 54
4923 27
4924 50
4925 18
4926 5
4927 9
4928 73
4929 57
4930 51
4931 47
4932 28
4933 6
4934 8
4935 63
4936 69
4937 41
4938 9
4939 44
4940 18
4941 40
4942 14
4943 4
4944 13
4945 61
4946 57
4947 0
4948 30
4949 6
4950 63
4951 51
4952 18
4953 48
4954 5
4955 52
4956 31
4957 30
4958 52
4959 19
4960 28
4961 56
4962 9
4963 34
4964 63
4965 63
4966 41
4967 45
4968 18
4969 46
4970 17
4971 57
4972 50
4973 17
4974 30
4975 42
4976 51
4977 40
4978 44
4979 13
4980 19
4981 74
4982 62
4983 45
4984 32
4985 11
4986 11
4987 48
4988 26
4989 22
4990 44
4991 44
4992 14
4993 19
4994 28
4995 27
4996 50
4997 68
4998 24
4999 42
5000 45
5001 25
5002 25
5003 32
5004 66
5005 57
5006 23
5007 41
5008 69
5009 69
5010 42
5011 9
5012 5
5013 43
5014 40
5015 43
5016 8
5017 29
5018 51
5019 21
5020 53
5021 21
5022 11
5023 21
5024 51
5025 63
5026 62
5027 47
5028 42
5029 37
5030 38
5031 15
5032 49
5033 59
5034 59
5035 64
5036 42
5037 43
5038 21
5039 7
5040 41
5041 42
5042 38
5043 58
5044 31
5045 55
5046 34
5047 55
5048 59
5049 40
5050 43
5051 40
5052 6
5053 12
5054 46
5055 49
5056 15
5057 49
5058 0
5059 0
5060 47
5061 24
5062 15
5063 46
5064 11
5065 71
5066 45
5067 18
5068 17
5069 74
5070 43
5071 55
5072 25
5073 36
5074 37
5075 5
5076 27
5077 31
5078 33
5079 31
5080 33
5081 27
5082 0
5083 9
5084 50
5085 9
5086 70
5087 19
5088 53
5089 44
5090 70
5091 70
5092 62
5093 47
5094 14
5095 45
5096 51
5097 48
5098 26
5099 47
5100 34
5101 49
5102 41
5103 19
5104 44
5105 0
5106 50
5107 21
5108 30
5109 61
5110 29
5111 26
5112 31
5113 48
5114 47
5115 61
5116 28
5117 65
5118 69
5119 50
5120 24
5121 28
5122 53
5123 9
5124 68
5125 23
5126 15
5127 57
5128 61
5129 46
5130 70
5131 63
5132 49
5133 78
5134 46
5135 15
5136 28
5137 66
5138 41
5139 68
5140 30
5141 33
5142 56
5143 55
5144 48
5145 14
5146 47
5147 49
5148 2
5149 23
5150 2
5151 58
5152 32
5153 31
5154 63
5155 32
5156 41
5157 39
5158 6
5159 15
5160 24
5161 60
5162 62
5163 37
5164 10
5165 41
5166 45
5167 48
5168 47
5169 46
5170 47
5171 55
5172 17
5173 45
5174 47
5175 45
5176 26
5177 49
5178 17
5179 27
5180 62
5181 63
5182 29
5183 65
5184 13
5185 54
5186 71
5187 37
5188 41
5189 69
5190 23
5191 69
5192 49
5193 62
5194 12
5195 16
5196 34
5197 41
5198 3
5199 37
5200 37
5201 36
5202 35
5203 2
5204 6
5205 34
5206 44
5207 33
5208 25
5209 22
5210 48
5211 66
5212 39
5213 6
5214 26
5215 36
5216 47
5217 11
5218 57
5219 13
5220 25
5221 59
5222 9
5223 57
5224 39
5225 56
5226 59
5227 24
5228 62
5229 18
5230 28
5231 70
5232 14
5233 74
5234 29
5235 41
5236 41
5237 55
5238 55
5239 57
5240 55
5241 36
5242 8
5243 63
5244 63
5245 30
5246 5
5247 49
5248 21
5249 52
5250 21
5251 13
5252 32
5253 52
5254 46
5255 24
5256 10
5257 19
5258 41
5259 9
5260 52
5261 41
5262 41
5263 19
5264 22
5265 7
5266 51
5267 52
5268 52
5269 56
5270 10
5271 50
5272 28
5273 27
5274 66
5275 32
5276 57
5277 59
5278 64
5279 51
5280 56
5281 8
5282 72
5283 17
5284 74
5285 43
5286 24
5287 29
5288 29
5289 52
5290 54
5291 36
5292 37
5293 39
5294 8
5295 51
5296 52
5297 36
5298 39
5299 64
5300 29
5301 72
5302 42
5303 47
5304 46
5305 42
5306 21
5307 13
5308 13
5309 8
5310 37
5311 0
5312 67
5313 40
5314 35
5315 37
5316 36
5317 44
5318 57
5319 55
5320 38
5321 6
5322 27
5323 28
5324 62
5325 26
5326 58
5327 67
5328 67
5329 66
5330 67
5331 39
5332 52
5333 28
5334 70
5335 31
5336 38
5337 72
5338 2
5339 34
5340 31
5341 37
5342 73
5343 42
5344 22
5345 26
5346 57
5347 27
5348 51
5349 20
5350 52
5351 53
5352 69
5353 43
5354 8
5355 3
5356 42
5357 54
5358 20
5359 68
5360 57
5361 33
5362 56
5363 8
5364 71
5365 28
5366 33
5367 31
5368 34
5369 8
5370 26
5371 60
5372 5
5373 45
5374 23
5375 70
5376 73
5377 68
5378 60
5379 24
5380 52
5381 28
5382 54
5383 67
5384 57
5385 29
5386 49
5387 37
5388 49
5389 9
5390 37
5391 18
5392 41
5393 43
5394 6
5395 41
5396 30
5397 31
5398 50
5399 39
5400 46
5401 7
5402 10
5403 18
5404 49
5405 59
5406 59
5407 55
5408 49
5409 6
5410 6
5411 32
5412 63
5413 71
5414 37
5415 71
5416 30
5417 22
5418 32
5419 39
5420 8
5421 42
5422 43
5423 36
5424 12
5425 44
5426 12
5427 32
5428 2
5429 36
5430 56
5431 1
5432 56
5433 22
5434 23
5435 45
5436 8
5437 23
5438 23
5439 51
5440 56
5441 51
5442 57
5443 37
5444 36
5445 45
5446 48
5447 46
5448 52
5449 17
5450 68
5451 58
5452 41
5453 64
5454 37
5455 55
5456 51
5457 15
5458 61
5459 8
5460 56
5461 16
5462 54
5463 16
5464 17
5465 29
5466 12
5467 32
5468 70
5469 28
5470 31
5471 28
5472 7
5473 33
5474 22
5475 46
5476 6
5477 5
5478 23
5479 33
5480 2
5481 39
5482 32
5483 6
5484 19
5485 73
5486 25
5487 18
5488 50
5489 26
5490 36
5491 29
5492 7
5493 0
5494 55
5495 9
5496 55
5497 60
5498 25
5499 37
5500 11
5501 69
5502 38
5503 36
5504 45
5505 32
5506 12
5507 55
5508 17
5509 73
5510 0
5511 34
5512 0
5513 12
5514 4
5515 49
5516 69
5517 71
5518 24
5519 54
5520 11
5521 37
5522 41
5523 53
5524 36
5525 10
5526 46
5527 48
5528 54
5529 25
5530 58
5531 26
5532 53
5533 53
5534 16
5535 15
5536 41
5537 25
5538 18
5539 53
5540 2
5541 46
5542 45
5543 45
5544 41
5545 20
5546 28
5547 27
5548 45
5549 40
5550 42
5551 50
5552 30
5553 36
5554 43
5555 37
5556 45
5557 14
5558 23
5559 42
5560 32
5561 17
5562 22
5563 57
5564 0
5565 41
5566 22
5567 3
5568 67
5569 33
5570 42
5571 44
5572 68
5573 8
5574 47
5575 49
5576 60
5577 7
5578 48
5579 26
5580 56
5581 23
5582 22
5583 17
5584 23
5585 0
5586 65
5587 13
5588 74
5589 59
5590 56
5591 29
5592 22
5593 33
5594 27
5595 3
5596 26
5597 20
5598 27
5599 40
5600 42
5601 7
5602 40
5603 56
5604 24
5605 52
5606 46
5607 7
5608 68
5609 49
5610 16
5611 63
5612 46
5613 7
5614 68
5615 46
5616 24
5617 49
5618 48
5619 17
5620 47
5621 46
5622 14
5623 0
5624 66
5625 18
5626 36
5627 38
5628 28
5629 38
5630 9
5631 1
5632 50
5633 12
5634 61
5635 63
5636 47
5637 39
5638 2
5639 1
5640 24
5641 68
5642 8
5643 50
5644 30
5645 27
5646 34
5647 32
5648 35
5649 25
5650 26
5651 40
5652 16
5653 36
5654 48
5655 46
5656 24
5657 44
5658 32
5659 49
5660 16
5661 25
5662 30
5663 10
5664 32
5665 71
5666 37
5667 26
5668 27
5669 51
5670 4
5671 52
5672 41
5673 42
5674 17
5675 37
5676 39
5677 22
5678 46
5679 23
5680 26
5681 52
5682 52
5683 54
5684 20
5685 18
5686 45
5687 57
5688 33
5689 46
5690 37
5691 39
5692 14
5693 58
5694 0
5695 17
5696 37
5697 27
5698 3
5699 39
5700 55
5701 34
5702 67
5703 28
5704 19
5705 59
5706 28
5707 36
5708 43
5709 9
5710 61
5711 36
5712 35
5713 32
5714 36
5715 53
5716 35
5717 11
5718 50
5719 56
5720 36
5721 29
5722 37
5723 38
5724 31
5725 8
5726 45
5727 65
5728 34
5729 59
5730 45
5731 19
5732 48
5733 18
5734 40
5735 8
5736 8
5737 61
5738 36
5739 36
5740 9
5741 2
5742 66
5743 65
5744 26
5745 8
5746 19
5747 27
5748 57
5749 17
5750 50
5751 49
5752 39
5753 62
5754 18
5755 32
5756 10
5757 25
5758 39
5759 34
5760 1
5761 8
5762 2
5763 1
5764 46
5765 16
5766 23
5767 47
5768 56
5769 53
5770 20
5771 56
5772 60
5773 68
5774 59
5775 56
5776 74
5777 7
5778 45
5779 22
5780 45
5781 25
5782 13
5783 55
5784 31
5785 35
5786 17
5787 61
5788 35
5789 7
5790 3
5791 17
5792 18
5793 57
5794 46
5795 37
5796 33
5797 13
5798 39
5799 31
5800 35
5801 2
5802 39
5803 66
5804 28
5805 65
5806 19
5807 70
5808 66
5809 30
5810 31
5811 2
5812 1
5813 47
5814 19
5815 49
5816 61
5817 50
5818 16
5819 47
5820 36
5821 10
5822 1
5823 39
5824 48
5825 16
5826 47
5827 13
5828 37
5829 5
5830 25
5831 4
5832 28
5833 51
5834 45
5835 52
5836 51
5837 72
5838 57
5839 53
5840 48
5841 31
5842 21
5843 59
5844 23
5845 22
5846 40
5847 39
5848 11
5849 7
5850 33
5851 30
5852 27
5853 41
5854 18
5855 34
5856 48
5857 20
5858 36
5859 36
5860 54
5861 50
5862 20
5863 64
5864 34
5865 30
5866 54
5867 35
5868 8
5869 36
5870 7
5871 55
5872 27
5873 21
5874 30
5875 5
5876 30
5877 27
5878 3
5879 29
5880 41
5881 26
5882 6
5883 45
5884 40
5885 5
5886 49
5887 33
5888 41
5889 53
5890 50
5891 42
5892 56
5893 1
5894 34
5895 56
5896 49
5897 18
5898 16
5899 48
5900 56
5901 27
5902 47
5903 67
5904 48
5905 61
5906 64
5907 70
5908 11
5909 11
5910 37
5911 21
5912 49
5913 34
5914 30
5915 10
5916 58
5917 37
5918 7
5919 36
5920 21
5921 63
5922 51
5923 24
5924 37
5925 37
5926 0
5927 1
5928 58
5929 19
5930 57
5931 49
5932 36
5933 51
5934 27
5935 52
5936 55
5937 20
5938 37
5939 11
5940 16
5941 5
5942 50
5943 2
5944 27
5945 46
5946 21
5947 45
5948 25
5949 54
5950 16
5951 38
5952 35
5953 51
5954 55
5955 15
5956 56
5957 40
5958 64
5959 42
5960 29
5961 27
5962 47
5963 29
5964 5
5965 59
5966 59
5967 18
5968 23
5969 19
5970 15
5971 41
5972 6
5973 49
5974 11
5975 14
5976 27
5977 55
5978 31
5979 22
5980 4
5981 40
5982 40
5983 42
5984 41
5985 43
5986 41
5987 28
5988 53
5989 57
5990 1
5991 16
5992 42
5993 42
5994 47
5995 64
5996 58
5997 66
5998 70
5999 47
6000 48
6001 20
6002 54
6003 50
6004 44
6005 36
6006 58
6007 62
6008 45
6009 43
6010 19
6011 29
6012 51
6013 38
6014 27
6015 11
6016 38
6017 5
6018 23
6019 55
6020 25
6021 58
6022 34
6023 31
6024 59
6025 31
6026 54
6027 27
6028 54
6029 21
6030 59
6031 59
6032 49
6033 42
6034 24
6035 55
6036 2
6037 34
6038 41
6039 56
6040 25
6041 48
6042 57
6043 56
6044 65
6045 35
6046 57
6047 57
6048 39
6049 7
6050 9
6051 59
6052 13
6053 28
6054 21
6055 46
6056 48
6057 31
6058 9
6059 3
6060 41
6061 40
6062 46
6063 5
6064 59
6065 42
6066 68
6067 7
6068 41
6069 18
6070 50
6071 25
6072 28
6073 20
6074 68
6075 47
6076 19
6077 21
6078 16
6079 29
6080 30
6081 60
6082 69
6083 40
6084 40
6085 14
6086 41
6087 59
6088 20
6089 62
6090 56
6091 60
6092 36
6093 48
6094 13
6095 18
6096 30
6097 46
6098 58
6099 44
6100 56
6101 59
6102 27
6103 58
6104 32
6105 8
6106 57
6107 34
6108 13
6109 58
6110 6
6111 45
6112 12
6113 25
6114 10
6115 68
6116 36
6117 53
6118 25
6119 2
6120 46
6121 11
6122 14
6123 52
6124 53
6125 14
6126 56
6127 23
6128 20
6129 28
6130 52
6131 28
6132 67
6133 31
6134 52
6135 25
6136 47
6137 11
6138 39
6139 6
6140 43
6141 41
6142 31
6143 37
6144 25
6145 39
6146 5
6147 6
6148 48
6149 59
6150 57
6151 27
6152 65
6153 31
6154 28
6155 54
6156 40
6157 7
6158 12
6159 28
6160 27
6161 36
6162 13
6163 35
6164 56
6165 58
6166 36
6167 6
6168 10
6169 60
6170 41
6171 36
6172 54
6173 32
6174 39
6175 46
6176 25
6177 12
6178 69
6179 15
6180 53
6181 14
6182 53
6183 27
6184 46
6185 11
6186 16
6187 59
6188 57
6189 62
6190 52
6191 45
6192 65
6193 41
6194 19
6195 38
6196 22
6197 39
6198 23
6199 15
6200 27
6201 49
6202 61
6203 48
6204 42
6205 69
6206 43
6207 45
6208 29
6209 16
6210 61
6211 26
6212 63
6213 58
6214 59
6215 21
6216 32
6217 50
6218 54
6219 40
6220 50
6221 51
6222 52
6223 46
6224 13
6225 13
6226 15
6227 73
6228 72
6229 42
6230 29
6231 58
6232 1
6233 42
6234 41
6235 54
6236 15
6237 40
6238 0
6239 65
6240 45
6241 19
6242 73
6243 49
6244 45
6245 61
6246 61
6247 28
6248 28
6249 47
6250 51
6251 75
6252 26
6253 51
6254 41
6255 54
6256 30
6257 59
6258 19
6259 37
6260 5
6261 36
6262 8
6263 23
6264 68
6265 68
6266 55
6267 15
6268 56
6269 31
6270 47
6271 12
6272 5
6273 38
6274 36
6275 3
6276 19
6277 27
6278 30
6279 21
6280 27
6281 64
6282 68
6283 53
6284 56
6285 57
6286 10
6287 40
6288 43
6289 38
6290 37
6291 62
6292 63
6293 28
6294 53
6295 10
6296 20
6297 53
6298 0
6299 15
6300 8
6301 50
6302 22
6303 31
6304 32
6305 9
6306 13
6307 72
6308 70
6309 58
6310 17
6311 21
6312 58
6313 23
6314 29
6315 55
6316 64
6317 32
6318 54
6319 52
6320 53
6321 31
6322 58
6323 43
6324 26
6325 52
6326 40
6327 11
6328 69
6329 66
6330 33
6331 69
6332 33
6333 3
6334 33
6335 44
6336 9
6337 1
6338 16
6339 72
6340 19
6341 51
6342 50
6343 36
6344 51
6345 31
6346 15
6347 38
6348 2
6349 1
6350 3
6351 49
6352 57
6353 5
6354 59
6355 54
6356 19
6357 47
6358 47
6359 40
6360 41
6361 11
6362 57
6363 3
6364 63
6365 42
6366 69
6367 72
6368 64
6369 60
6370 15
6371 66
6372 44
6373 60
6374 63
6375 31
6376 52
6377 35
6378 49
6379 47
6380 11
6381 13
6382 43
6383 41
6384 41
6385 35
6386 17
6387 40
6388 37
6389 47
6390 36
6391 43
6392 74
6393 29
6394 51
6395 21
6396 32
6397 12
6398 57
6399 30
6400 1
6401 36
6402 54
6403 32
6404 53
6405 71
6406 14
6407 52
6408 11
6409 20
6410 44
6411 44
6412 41
6413 42
6414 45
6415 43
6416 72
6417 30
6418 32
6419 2
6420 3
6421 46
6422 61
6423 8
6424 69
6425 47
6426 46
6427 25
6428 27
6429 2
6430 22
6431 51
6432 52
6433 74
6434 47
6435 26
6436 37
6437 34
6438 39
6439 37
6440 36
6441 19
6442 63
6443 57
6444 49
6445 61
6446 50
6447 16
6448 41
6449 11
6450 61
6451 54
6452 15
6453 56
6454 56
6455 50
6456 69
6457 68
6458 35
6459 20
6460 25
6461 71
6462 63
6463 71
6464 69
6465 42
6466 44
6467 10
6468 44
6469 44
6470 28
6471 2
6472 46
6473 21
6474 54
6475 55
6476 31
6477 58
6478 61
6479 63
6480 52
6481 59
6482 22
6483 38
6484 36
6485 7
6486 27
6487 63
6488 26
6489 44
6490 43
6491 5
6492 5
6493 24
6494 28
6495 23
6496 62
6497 33
6498 59
6499 58
6500 47
6501 59
6502 29
6503 48
6504 52
6505 30
6506 27
6507 56
6508 23
6509 47
6510 56
6511 31
6512 6
6513 25
6514 8
6515 49
6516 8
6517 34
6518 0
6519 4
6520 59
6521 0
6522 7
6523 39
6524 64
6525 71
6526 61
6527 7
6528 55
6529 74
6530 33
6531 6
6532 70
6533 26
6534 51
6535 62
6536 51
6537 11
6538 45
6539 45
6540 36
6541 17
6542 40
6543 67
6544 42
6545 50
6546 56
6547 57
6548 27
6549 37
6550 12
6551 37
6552 37
6553 36
6554 66
6555 5
6556 43
6557 42
6558 12
6559 32
6560 73
6561 47
6562 48
6563 49
6564 19
6565 47
6566 45
6567 47
6568 31
6569 21
6570 44
6571 12
6572 7
6573 40
6574 6
6575 21
6576 51
6577 19
6578 26
6579 30
6580 15
6581 0
6582 26
6583 39
6584 34
6585 8
6586 49
6587 55
6588 50
6589 16
6590 31
6591 9
6592 10
6593 30
6594 52
6595 23
6596 61
6597 17
6598 37
6599 37
6600 60
6601 9
6602 8
6603 49
6604 1
6605 48
6606 0
6607 24
6608 72
6609 27
6610 73
6611 49
6612 66
6613 67
6614 30
6615 13
6616 5
6617 37
6618 55
6619 36
6620 6
6621 10
6622 34
6623 10
6624 54
6625 52
6626 25
6627 0
6628 23
6629 32
6630 0
6631 53
6632 30
6633 52
6634 71
6635 1
6636 22
6637 63
6638 37
6639 35
6640 18
6641 37
6642 69
6643 46
6644 47
6645 48
6646 23
6647 16
6648 54
6649 54
6650 33
6651 5
6652 13
6653 61
6654 29
6655 33
6656 63
6657 43
6658 51
6659 73
6660 36
6661 4
6662 1
6663 39
6664 35
6665 36
6666 1
6667 42
6668 47
6669 22
6670 32
6671 22
6672 2
6673 30
6674 40
6675 8
6676 46
6677 64
6678 53
6679 68
6680 8
6681 42
6682 39
6683 1
6684 36
6685 9
6686 38
6687 5
6688 1
6689 37
6690 28
6691 21
6692 25
6693 20
6694 37
6695 23
6696 50
6697 40
6698 25
6699 36
6700 4
6701 13
6702 19
6703 54
6704 40
6705 2
6706 13
6707 42
6708 41
6709 57
6710 30
6711 58
6712 32
6713 36
6714 32
6715 22
6716 63
6717 20
6718 56
6719 64
6720 24
6721 4
6722 41
6723 44
6724 0
6725 15
6726 18
6727 47
6728 25
6729 27
6730 70
6731 18
6732 69
6733 63
6734 66
6735 70
6736 71
6737 2
6738 55
6739 54
6740 58
6741 8
6742 54
6743 43
6744 32
6745 39
6746 34
6747 4
6748 64
6749 60
6750 57
6751 5
6752 61
6753 31
6754 10
6755 57
6756 18
6757 20
6758 25
6759 68
6760 65
6761 63
6762 45
6763 41
6764 43
6765 19
6766 22
6767 39
6768 67
6769 62
6770 13
6771 32
6772 68
6773 1
6774 53
6775 29
6776 49
6777 41
6778 43
6779 9
6780 40
6781 31
6782 64
6783 40
6784 33
6785 11
6786 60
6787 24
6788 52
6789 62
6790 30
6791 60
6792 64
6793 64
6794 43
6795 71
6796 29
6797 27
6798 26
6799 25
6800 27
6801 53
6802 21
6803 13
6804 39
6805 56
6806 57
6807 31
6808 1
6809 69
6810 34
6811 5
6812 65
6813 65
6814 68
6815 30
6816 29
6817 51
6818 3
6819 26
6820 57
6821 58
6822 45
6823 52
6824 53
6825 47
6826 52
6827 30
6828 47
6829 16
6830 30
6831 34
6832 29
6833 33
6834 55
6835 20
6836 36
6837 61
6838 60
6839 25
6840 64
6841 63
6842 38
6843 18
6844 15
6845 12
6846 25
6847 52
6848 27
6849 60
6850 61
6851 20
6852 18
6853 20
6854 19
6855 55
6856 53
6857 55
6858 47
6859 45
6860 19
6861 16
6862 56
6863 48
6864 19
6865 68
6866 47
6867 53
6868 33
6869 11
6870 54
6871 50
6872 54
6873 30
6874 55
6875 49
6876 57
6877 23
6878 3
6879 48
6880 36
6881 14
6882 42
6883 35
6884 36
6885 23
6886 52
6887 52
6888 65
6889 57
6890 58
6891 9
6892 58
6893 46
6894 17
6895 43
6896 12
6897 49
6898 8
6899 24
6900 33
6901 34
6902 8
6903 21
6904 42
6905 35
6906 54
6907 25
6908 22
6909 60
6910 63
6911 5
6912 30
6913 51
6914 54
6915 15
6916 24
6917 40
6918 44
6919 1
6920 58
6921 56
6922 53
6923 61
6924 49
6925 51
6926 13
6927 24
6928 22
6929 61
6930 26
6931 48
6932 17
6933 9
6934 13
6935 22
6936 71
6937 20
6938 45
6939 0
6940 26
6941 28
6942 58
6943 56
6944 26
6945 65
6946 39
6947 1
6948 65
6949 31
6950 35
6951 36
6952 52
6953 28
6954 54
6955 59
6956 53
6957 60
6958 57
6959 58
6960 59
6961 20
6962 49
6963 23
6964 67
6965 56
6966 40
6967 63
6968 29
6969 22
6970 1
6971 30
6972 34
6973 12
6974 23
6975 51
6976 54
6977 56
6978 50
6979 63
6980 40
6981 28
6982 25
6983 64
6984 39
6985 19
6986 28
6987 61
6988 37
6989 23
6990 74
6991 73
6992 55
6993 53
6994 3
6995 46
6996 19
6997 23
6998 32
6999 48
7000 49
7001 45
7002 66
7003 46
7004 34
7005 2
7006 42
7007 61
7008 32
7009 13
7010 69
7011 44
7012 8
7013 29
7014 39
7015 13
7016 0
7017 43
7018 10
7019 43
7020 50
7021 7
7022 6
7023 43
7024 37
7025 11
7026 0
7027 39
7028 34
7029 30
7030 19
7031 55
7032 13
7033 47
7034 1
7035 7
7036 14
7037 27
7038 62
7039 54
7040 52
7041 25
7042 2
7043 51
7044 24
7045 53
7046 20
7047 46
7048 51
7049 41
7050 42
7051 31
7052 17
7053 18
7054 70
7055 25
7056 38
7057 51
7058 57
7059 41
7060 34
7061 30
7062 43
7063 43
7064 42
7065 44
7066 44
7067 62
7068 42
7069 21
7070 42
7071 13
7072 18
7073 46
7074 34
7075 10
7076 0
7077 13
7078 54
7079 31
7080 37
7081 7
7082 3
7083 58
7084 36
7085 36
7086 42
7087 45
7088 40
7089 35
7090 0
7091 63
7092 15
7093 37
7094 54
7095 50
7096 52
7097 67
7098 3
7099 40
7100 40
7101 33
7102 45
7103 23
7104 66
7105 39
7106 8
7107 2
7108 39
7109 35
7110 30
7111 30
7112 31
7113 8
7114 32
7115 62
7116 37
7117 33
7118 28
7119 6
7120 33
7121 31
7122 24
7123 21
7124 24
7125 34
7126 18
7127 49
7128 46
7129 14
7130 34
7131 24
7132 32
7133 56
7134 21
7135 44
7136 11
7137 12
7138 30
7139 62
7140 60
7141 62
7142 67
7143 5
7144 69
7145 21
7146 48
7147 45
7148 25
7149 23
7150 61
7151 27
7152 42
7153 40
7154 19
7155 22
7156 59
7157 58
7158 64
7159 2
7160 61
7161 64
7162 49
7163 23
7164 12
7165 12
7166 25
7167 53
7168 53
7169 24
7170 52
7171 54
7172 75
7173 29
7174 55
7175 18
7176 52
7177 67
7178 39
7179 9
7180 35
7181 39
7182 55
7183 28
7184 21
7185 31
7186 68
7187 38
7188 8
7189 0
7190 0
7191 13
7192 51
7193 60
7194 3
7195 31
7196 50
7197 66
7198 25
7199 47
7200 12
7201 23
7202 48
7203 11
7204 70
7205 36
7206 18
7207 25
7208 23
7209 50
7210 58
7211 56
7212 36
7213 5
7214 30
7215 11
7216 28
7217 31
7218 59
7219 30
7220 20
7221 26
7222 25
7223 42
7224 44
7225 66
7226 44
7227 64
7228 65
7229 58
7230 26
7231 45
7232 45
7233 4
7234 31
7235 51
7236 25
7237 19
7238 34
7239 52
7240 21
7241 43
7242 28
7243 37
7244 59
7245 60
7246 63
7247 34
7248 39
7249 38
7250 30
7251 39
7252 37
7253 37
7254 1
7255 68
7256 28
7257 56
7258 27
7259 34
7260 1
7261 2
7262 60
7263 33
7264 57
7265 58
7266 60
7267 21
7268 62
7269 61
7270 33
7271 25
7272 38
7273 3
7274 53
7275 16
7276 27
7277 20
7278 26
7279 27
7280 32
7281 53
7282 52
7283 24
7284 40
7285 40
7286 17
7287 45
7288 13
7289 39
7290 16
7291 36
7292 10
7293 42
7294 9
7295 48
7296 42
7297 50
7298 7
7299 61
7300 28
7301 30
7302 5
7303 5
7304 19
7305 41
7306 47
7307 26
7308 28
7309 26
7310 27
7311 40
7312 0
7313 41
7314 11
7315 50
7316 30
7317 52
7318 52
7319 63
7320 31
7321 54
7322 10
7323 28
7324 54
7325 59
7326 50
7327 46
7328 21
7329 23
7330 33
7331 58
7332 72
7333 54
7334 52
7335 26
7336 26
7337 26
7338 25
7339 58
7340 52
7341 65
7342 4
7343 30
7344 63
7345 2
7346 64
7347 66
7348 54
7349 25
7350 26
7351 53
7352 62
7353 36
7354 52
7355 29
7356 15
7357 54
7358 46
7359 55
7360 36
7361 53
7362 46
7363 37
7364 48
7365 56
7366 56
7367 24
7368 44
7369 39
7370 12
7371 52
7372 19
7373 43
7374 39
7375 7
7376 11
7377 7
7378 61
7379 57
7380 3
7381 28
7382 28
7383 33
7384 30
7385 21
7386 23
7387 45
7388 46
7389 44
7390 43
7391 12
7392 12
7393 8
7394 55
7395 65
7396 60
7397 68
7398 40
7399 7
7400 42
7401 7
7402 17
7403 67
7404 68
7405 16
7406 46
7407 40
7408 14
7409 46
7410 17
7411 48
7412 24
7413 49
7414 47
7415 48
7416 22
7417 37
7418 2
7419 15
7420 27
7421 63
7422 44
7423 58
7424 22
7425 10
7426 43
7427 33
7428 49
7429 52
7430 47
7431 43
7432 20
7433 63
7434 44
7435 43
7436 5
7437 46
7438 40
7439 18
7440 70
7441 65
7442 58
7443 48
7444 53
7445 13
7446 23
7447 47
7448 35
7449 52
7450 52
7451 63
7452 61
7453 54
7454 19
7455 19
7456 50
7457 55
7458 60
7459 63
7460 3
7461 73
7462 40
7463 48
7464 23
7465 67
7466 68
7467 61
7468 51
7469 53
7470 10
7471 7
7472 34
7473 4
7474 31
7475 2
7476 27
7477 63
7478 64
7479 52
7480 57
7481 58
7482 53
7483 34
7484 30
7485 30
7486 2
7487 63
7488 34
7489 59
7490 26
7491 60
7492 60
7493 50
7494 4
7495 51
7496 51
7497 42
7498 17
7499 44
7500 31
7501 73
7502 31
7503 31
7504 33
7505 36
7506 64
7507 58
7508 10
7509 60
7510 59
7511 68
7512 63
7513 67
7514 42
7515 15
7516 43
7517 8
7518 52
7519 0
7520 74
7521 42
7522 32
7523 46
7524 33
7525 63
7526 20
7527 1
7528 46
7529 68
7530 34
7531 42
7532 14
7533 12
7534 57
7535 57
7536 55
7537 43
7538 32
7539 2
7540 59
7541 32
7542 31
7543 33
7544 58
7545 35
7546 19
7547 51
7548 67
7549 69
7550 67
7551 38
7552 32
7553 30
7554 34
7555 49
7556 16
7557 43
7558 68
7559 40
7560 52
7561 23
7562 54
7563 24
7564 16
7565 21
7566 71
7567 30
7568 25
7569 49
7570 25
7571 28
7572 26
7573 33
7574 36
7575 19
7576 11
7577 28
7578 12
7579 19
7580 40
7581 40
7582 10
7583 30
7584 30
7585 59
7586 58
7587 22
7588 51
7589 52
7590 1
7591 71
7592 65
7593 58
7594 42
7595 13
7596 32
7597 39
7598 41
7599 13
7600 10
7601 18
7602 41
7603 18
7604 58
7605 55
7606 37
7607 30
7608 5
7609 32
7610 49
7611 39
7612 70
7613 11
7614 26
7615 32
7616 39
7617 6
7618 4
7619 39
7620 65
7621 13
7622 41
7623 3
7624 7
7625 13
7626 12
7627 24
7628 41
7629 44
7630 41
7631 25
7632 18
7633 58
7634 57
7635 74
7636 9
7637 58
7638 9
7639 58
7640 19
7641 28
7642 24
7643 42
7644 10
7645 46
7646 26
7647 29
7648 29
7649 22
7650 26
7651 72
7652 68
7653 68
7654 41
7655 14
7656 17
7657 47
7658 21
7659 50
7660 45
7661 40
7662 10
7663 40
7664 44
7665 47
7666 47
7667 45
7668 26
7669 50
7670 52
7671 61
7672 40
7673 6
7674 41
7675 20
7676 62
7677 63
7678 35
7679 17
7680 40
7681 3
7682 40
7683 44
7684 12
7685 63
7686 30
7687 20
7688 48
7689 47
7690 45
7691 25
7692 29
7693 0
7694 1
7695 25
7696 61
7697 57
7698 31
7699 32
7700 30
7701 6
7702 66
7703 65
7704 73
7705 32
7706 11
7707 67
7708 12
7709 71
7710 66
7711 5
7712 30
7713 37
7714 30
7715 10
7716 52
7717 78
7718 40
7719 29
7720 20
7721 29
7722 25
7723 48
7724 50
7725 16
7726 21
7727 51
7728 3
7729 7
7730 55
7731 57
7732 23
7733 66
7734 8
7735 20
7736 45
7737 57
7738 6
7739 68
7740 71
7741 57
7742 2
7743 37
7744 43
7745 34
7746 15
7747 31
7748 11
7749 39
7750 41
7751 17
7752 3
7753 45
7754 49
7755 37
7756 49
7757 67
7758 6
7759 1
7760 58
7761 58
7762 36
7763 2
7764 39
7765 4
7766 31
7767 57
7768 43
7769 63
7770 3
7771 56
7772 58
7773 13
7774 49
7775 13
7776 6
7777 8
7778 33
7779 45
7780 21
7781 46
7782 46
7783 9
7784 22
7785 64
7786 52
7787 42
7788 34
7789 9
7790 32
7791 28
7792 49
7793 28
7794 19
7795 5
7796 36
7797 34
7798 22
7799 18
7800 28
7801 67
7802 54
7803 60
7804 55
7805 51
7806 60
7807 42
7808 14
7809 6
7810 16
7811 16
7812 31
7813 4
7814 33
7815 38
7816 49
7817 28
7818 49
7819 28
7820 27
7821 25
7822 4
7823 29
7824 54
7825 28
7826 24
7827 57
7828 52
7829 27
7830 26
7831 28
7832 28
7833 40
7834 42
7835 19
7836 11
7837 47
7838 44
7839 1
7840 46
7841 47
7842 56
7843 59
7844 15
7845 40
7846 61
7847 9
7848 71
7849 18
7850 28
7851 46
7852 19
7853 49
7854 27
7855 36
7856 25
7857 26
7858 43
7859 5
7860 40
7861 11
7862 10
7863 36
7864 10
7865 7
7866 27
7867 34
7868 35
7869 5
7870 0
7871 59
7872 50
7873 49
7874 44
7875 2
7876 31
7877 39
7878 60
7879 34
7880 67
7881 25
7882 60
7883 59
7884 18
7885 48
7886 19
7887 8
7888 26
7889 63
7890 58
7891 54
7892 39
7893 7
7894 14
7895 37
7896 37
7897 54
7898 27
7899 45
7900 63
7901 7
7902 48
7903 41
7904 48
7905 46
7906 23
7907 37
7908 40
7909 6
7910 11
7911 36
7912 12
7913 6
7914 37
7915 19
7916 58
7917 19
7918 34
7919 31
7920 33
7921 4
7922 49
7923 44
7924 18
7925 19
7926 37
7927 13
7928 67
7929 9
7930 56
7931 4
7932 16
7933 24
7934 47
7935 30
7936 52
7937 17
7938 31
7939 26
7940 24
7941 41
7942 28
7943 29
7944 27
7945 59
7946 59
7947 49
7948 51
7949 26
7950 39
7951 1
7952 9
7953 33
7954 64
7955 32
7956 32
7957 30
7958 25
7959 10
7960 2
7961 26
7962 54
7963 54
7964 52
7965 50
7966 48
7967 15
7968 48
7969 8
7970 50
7971 14
7972 49
7973 27
7974 18
7975 30
7976 62
7977 18
7978 69
7979 2
7980 55
7981 69
7982 14
7983 60
7984 28
7985 28
7986 35
7987 7
7988 13
7989 36
7990 69
7991 11
7992 43
7993 10
7994 9
7995 22
7996 68
7997 40
7998 71
7999 64
8000 61
8001 19
8002 32
8003 30
8004 5
8005 36
8006 7
8007 46
8008 20
8009 20
8010 49
8011 59
8012 55
8013 49
8014 7
8015 76
8016 1
8017 47
8018 56
8019 26
8020 56
8021 59
8022 57
8023 48
8024 40
8025 49
8026 17
8027 45
8028 3
8029 60
8030 29
8031 67
8032 62
8033 55
8034 52
8035 0
8036 25
8037 52
8038 21
8039 37
8040 38
8041 35
8042 39
8043 13
8044 36
8045 36
8046 72
8047 42
8048 32
8049 5
8050 32
8051 32
8052 59
8053 48
8054 26
8055 14
8056 9
8057 0
8058 47
8059 64
8060 1
8061 69
8062 8
8063 67
8064 31
8065 35
8066 10
8067 39
8068 6
8069 57
8070 25
8071 52
8072 51
8073 25
8074 24
8075 28
8076 44
8077 12
8078 56
8079 58
8080 37
8081 39
8082 8
8083 39
8084 60
8085 23
8086 15
8087 45
8088 22
8089 49
8090 71
8091 37
8092 2
8093 3
8094 4
8095 38
8096 51
8097 67
8098 31
8099 52
8100 51
8101 14
8102 36
8103 47
8104 57
8105 47
8106 22
8107 38
8108 14
8109 8
8110 31
8111 65
8112 0
8113 74
8114 75
8115 61
8116 8
8117 25
8118 3
8119 43
8120 23
8121 65
8122 65
8123 42
8124 26
8125 69
8126 45
8127 6
8128 41
8129 19
8130 71
8131 22
8132 23
8133 56
8134 46
8135 54
8136 20
8137 50
8138 31
8139 51
8140 40
8141 30
8142 6
8143 56
8144 59
8145 22
8146 15
8147 28
8148 24
8149 37
8150 0
8151 11
8152 3
8153 42
8154 17
8155 37
8156 28
8157 27
8158 25
8159 28
8160 72
8161 55
8162 59
8163 6
8164 56
8165 49
8166 45
8167 47
8168 17
8169 15
8170 12
8171 66
8172 62
8173 37
8174 37
8175 18
8176 55
8177 57
8178 34
8179 2
8180 37
8181 35
8182 7
8183 74
8184 41
8185 45
8186 25
8187 49
8188 11
8189 43
8190 63
8191 8
8192 47
8193 19
8194 35
8195 16
8196 58
8197 32
8198 57
8199 61
8200 26
8201 62
8202 11
8203 12
8204 55
8205 56
8206 56
8207 6
8208 67
8209 26
8210 42
8211 42
8212 42
8213 11
8214 34
8215 1
8216 64
8217 58
8218 12
8219 61
8220 71
8221 68
8222 10
8223 70
8224 42
8225 12
8226 49
8227 9
8228 38
8229 48
8230 19
8231 58
8232 45
8233 25
8234 59
8235 43
8236 37
8237 26
8238 12
8239 68
8240 16
8241 68
8242 70
8243 46
8244 18
8245 47
8246 64
8247 16
8248 61
8249 57
8250 46
8251 56
8252 53
8253 28
8254 48
8255 17
8256 20
8257 59
8258 16
8259 45
8260 49
8261 43
8262 8
8263 1
8264 15
8265 9
8266 42
8267 32
8268 35
8269 54
8270 3
8271 16
8272 61
8273 69
8274 55
8275 48
8276 72
8277 24
8278 45
8279 51
8280 50
8281 11
8282 18
8283 50
8284 20
8285 50
8286 8
8287 54
8288 19
8289 36
8290 5
8291 37
8292 51
8293 4
8294 52
8295 64
8296 63
8297 34
8298 11
8299 15
8300 29
8301 48
8302 22
8303 5
8304 50
8305 63
8306 55
8307 29
8308 51
8309 26
8310 38
8311 54
8312 20
8313 41
8314 54
8315 60
8316 4
8317 54
8318 36
8319 59
8320 59
8321 56
8322 58
8323 2
8324 23
8325 51
8326 45
8327 61
8328 45
8329 6
8330 66
8331 60
8332 0
8333 45
8334 20
8335 42
8336 47
8337 41
8338 56
8339 12
8340 39
8341 15
8342 30
8343 21
8344 46
8345 29
8346 68
8347 22
8348 49
8349 16
8350 4
8351 28
8352 1
8353 50
8354 31
8355 11
8356 33
8357 72
8358 14
8359 73
8360 30
8361 26
8362 1
8363 4
8364 32
8365 59
8366 37
8367 9
8368 8
8369 39
8370 63
8371 56
8372 60
8373 8
8374 63
8375 20
8376 3
8377 74
8378 29
8379 21
8380 33
8381 13
8382 46
8383 55
8384 25
8385 44
8386 12
8387 41
8388 39
8389 26
8390 46
8391 45
8392 22
8393 18
8394 57
8395 64
8396 8
8397 56
8398 58
8399 30
8400 32
8401 5
8402 4
8403 21
8404 52
8405 40
8406 52
8407 51
8408 50
8409 45
8410 50
8411 51
8412 17
8413 46
8414 6
8415 58
8416 59
8417 4
8418 58
8419 34
8420 69
8421 35
8422 52
8423 24
8424 63
8425 64
8426 57
8427 40
8428 16
8429 9
8430 42
8431 60
8432 31
8433 62
8434 28
8435 49
8436 69
8437 54
8438 34
8439 24
8440 53
8441 23
8442 37
8443 39
8444 39
8445 43
8446 13
8447 22
8448 26
8449 53
8450 30
8451 49
8452 46
8453 44
8454 45
8455 19
8456 67
8457 30
8458 64
8459 62
8460 34
8461 33
8462 29
8463 70
8464 48
8465 65
8466 24
8467 12
8468 36
8469 64
8470 69
8471 69
8472 31
8473 14
8474 44
8475 14
8476 8
8477 8
8478 16
8479 20
8480 44
8481 9
8482 16
8483 17
8484 31
8485 53
8486 62
8487 53
8488 9
8489 53
8490 15
8491 67
8492 38
8493 46
8494 50
8495 24
8496 19
8497 16
8498 35
8499 6
8500 33
8501 34
8502 30
8503 43
8504 44
8505 43
8506 14
8507 72
8508 53
8509 61
8510 50
8511 43
8512 66
8513 51
8514 29
8515 15
8516 54
8517 65
8518 9
8519 36
8520 64
8521 2
8522 69
8523 45
8524 14
8525 54
8526 23
8527 62
8528 71
8529 46
8530 48
8531 42
8532 8
8533 5
8534 32
8535 63
8536 34
8537 26
8538 28
8539 33
8540 7
8541 58
8542 2
8543 16
8544 73
8545 61
8546 22
8547 34
8548 52
8549 20
8550 46
8551 39
8552 31
8553 5
8554 12
8555 36
8556 43
8557 51
8558 50
8559 15
8560 28
8561 26
8562 27
8563 46
8564 49
8565 19
8566 41
8567 16
8568 11
8569 24
8570 71
8571 20
8572 28
8573 70
8574 42
8575 60
8576 50
8577 56
8578 62
8579 3
8580 22
8581 51
8582 26
8583 27
8584 3
8585 28
8586 25
8587 29
8588 30
8589 14
8590 59
8591 52
8592 32
8593 57
8594 5
8595 39
8596 52
8597 72
8598 7
8599 54
8600 9
8601 0
8602 41
8603 0
8604 45
8605 32
8606 22
8607 40
8608 65
8609 45
8610 9
8611 47
8612 39
8613 37
8614 8
8615 3
8616 29
8617 52
8618 25
8619 23
8620 18
8621 59
8622 25
8623 56
8624 2
8625 69
8626 64
8627 3
8628 52
8629 1
8630 15
8631 42
8632 13
8633 6
8634 61
8635 30
8636 29
8637 53
8638 62
8639 46
8640 29
8641 21
8642 46
8643 19
8644 35
8645 6
8646 37
8647 39
8648 50
8649 28
8650 73
8651 61
8652 65
8653 58
8654 45
8655 18
8656 14
8657 25
8658 72
8659 74
8660 51
8661 27
8662 53
8663 19
8664 25
8665 45
8666 50
8667 23
8668 22
8669 48
8670 54
8671 6
8672 11
8673 50
8674 53
8675 52
8676 39
8677 70
8678 62
8679 74
8680 72
8681 52
8682 7
8683 28
8684 29
8685 49
8686 36
8687 1
8688 37
8689 37
8690 18
8691 62
8692 15
8693 5
8694 58
8695 16
8696 51
8697 13
8698 27
8699 53
8700 15
8701 32
8702 44
8703 50
8704 26
8705 36
8706 24
8707 31
8708 6
8709 64
8710 41
8711 61
8712 46
8713 62
8714 58
8715 35
8716 36
8717 72
8718 77
8719 54
8720 44
8721 29
8722 43
8723 5
8724 30
8725 33
8726 61
8727 71
8728 44
8729 44
8730 43
8731 8
8732 14
8733 56
8734 56
8735 5
8736 61
8737 29
8738 53
8739 53
8740 24
8741 64
8742 27
8743 18
8744 39
8745 30
8746 37
8747 37
8748 25
8749 47
8750 19
8751 27
8752 11
8753 52
8754 28
8755 23
8756 62
8757 63
8758 71
8759 36
8760 52
8761 50
8762 33
8763 67
8764 8
8765 71
8766 19
8767 71
8768 25
8769 50
8770 23
8771 52
8772 27
8773 74
8774 31
8775 3
8776 61
8777 33
8778 26
8779 61
8780 15
8781 63
8782 61
8783 55
8784 16
8785 23
8786 49
8787 13
8788 47
8789 22
8790 29
8791 27
8792 29
8793 34
8794 30
8795 37
8796 31
8797 18
8798 34
8799 11
8800 28
8801 33
8802 29
8803 44
8804 33
8805 40
8806 44
8807 69
8808 67
8809 39
8810 49
8811 30
8812 54
8813 0
8814 51
8815 70
8816 66
8817 65
8818 30
8819 34
8820 31
8821 70
8822 40
8823 49
8824 12
8825 3
8826 22
8827 63
8828 52
8829 19
8830 18
8831 63
8832 16
8833 6
8834 55
8835 15
8836 67
8837 24
8838 62
8839 26
8840 51
8841 43
8842 66
8843 58
8844 59
8845 59
8846 38
8847 35
8848 23
8849 39
8850 1
8851 56
8852 53
8853 47
8854 51
8855 46
8856 6
8857 26
8858 45
8859 45
8860 1
8861 11
8862 46
8863 43
8864 40
8865 16
8866 61
8867 39
8868 25
8869 4
8870 33
8871 56
8872 10
8873 52
8874 21
8875 13
8876 26
8877 64
8878 55
8879 70
8880 16
8881 71
8882 43
8883 52
8884 24
8885 68
8886 63
8887 61
8888 11
8889 57
8890 62
8891 69
8892 66
8893 37
8894 37
8895 57
8896 7
8897 4
8898 56
8899 34
8900 9
8901 42
8902 6
8903 6
8904 73
8905 15
8906 57
8907 10
8908 27
8909 36
8910 11
8911 32
8912 33
8913 2
8914 9
8915 50
8916 23
8917 56
8918 20
8919 24
8920 28
8921 68
8922 2
8923 30
8924 40
8925 5
8926 70
8927 13
8928 43
8929 12
8930 48
8931 42
8932 7
8933 54
8934 56
8935 56
8936 43
8937 6
8938 47
8939 17
8940 54
8941 6
8942 47
8943 20
8944 24
8945 48
8946 20
8947 22
8948 18
8949 43
8950 28
8951 47
8952 45
8953 35
8954 59
8955 32
8956 21
8957 55
8958 53
8959 49
8960 50
8961 72
8962 11
8963 72
8964 11
8965 24
8966 53
8967 63
8968 24
8969 56
8970 46
8971 26
8972 17
8973 29
8974 18
8975 28
8976 44
8977 44
8978 12
8979 37
8980 43
8981 7
8982 62
8983 62
8984 52
8985 58
8986 58
8987 62
8988 52
8989 31
8990 39
8991 9
8992 5
8993 6
8994 35
8995 11
8996 35
8997 7
8998 38
8999 13
9000 29
9001 12
9002 31
9003 43
9004 9
9005 37
9006 42
9007 45
9008 59
9009 70
9010 41
9011 12
9012 59
9013 36
9014 34
9015 34
9016 54
9017 25
9018 18
9019 50
9020 43
9021 14
9022 11
9023 10
9024 57
9025 26
9026 45
9027 60
9028 34
9029 4
9030 63
9031 52
9032 57
9033 5
9034 68
9035 55
9036 60
9037 29
9038 34
9039 55
9040 9
9041 60
9042 60
9043 56
9044 55
9045 59
9046 60
9047 27
9048 22
9049 2
9050 4
9051 1
9052 71
9053 7
9054 55
9055 34
9056 28
9057 5
9058 31
9059 31
9060 3
9061 8
9062 73
9063 44
9064 57
9065 27
9066 36
9067 31
9068 26
9069 60
9070 26
9071 15
9072 62
9073 33
9074 4
9075 45
9076 24
9077 53
9078 21
9079 52
9080 45
9081 49
9082 49
9083 24
9084 2
9085 73
9086 72
9087 13
9088 47
9089 50
9090 45
9091 52
9092 29
9093 54
9094 5
9095 27
9096 12
9097 70
9098 22
9099 47
9100 49
9101 70
9102 21
9103 38
9104 6
9105 39
9106 44
9107 42
9108 12
9109 13
9110 62
9111 18
9112 67
9113 27
9114 34
9115 32
9116 58
9117 36
9118 40
9119 8
9120 22
9121 28
9122 54
9123 12
9124 52
9125 12
9126 36
9127 37
9128 3
9129 52
9130 21
9131 35
9132 55
9133 55
9134 17
9135 28
9136 26
9137 2
9138 27
9139 26
9140 60
9141 36
9142 2
9143 9
9144 7
9145 66
9146 60
9147 66
9148 45
9149 57
9150 27
9151 30
9152 18
9153 53
9154 48
9155 24
9156 32
9157 61
9158 56
9159 28
9160 15
9161 56
9162 10
9163 66
9164 64
9165 47
9166 45
9167 57
9168 35
9169 45
9170 42
9171 12
9172 43
9173 68
9174 44
9175 17
9176 13
9177 14
9178 37
9179 0
9180 10
9181 65
9182 50
9183 53
9184 65
9185 68
9186 45
9187 48
9188 41
9189 20
9190 67
9191 1
9192 18
9193 74
9194 60
9195 49
9196 48
9197 19
9198 42
9199 44
9200 41
9201 38
9202 11
9203 40
9204 61
9205 69
9206 52
9207 50
9208 42
9209 43
9210 7
9211 54
9212 10
9213 27
9214 25
9215 55
9216 21
9217 54
9218 23
9219 62
9220 62
9221 49
9222 19
9223 73
9224 51
9225 6
9226 13
9227 14
9228 41
9229 24
9230 36
9231 72
9232 76
9233 31
9234 31
9235 4
9236 17
9237 59
9238 25
9239 66
9240 7
9241 36
9242 32
9243 16
9244 59
9245 67
9246 40
9247 39
9248 59
9249 45
9250 68
9251 3
9252 71
9253 5
9254 69
9255 70
9256 67
9257 60
9258 56
9259 53
9260 0
9261 52
9262 17
9263 74
9264 26
9265 31
9266 23
9267 0
9268 31
9269 7
9270 54
9271 40
9272 67
9273 39
9274 36
9275 35
9276 14
9277 28
9278 31
9279 25
9280 28
9281 29
9282 66
9283 73
9284 41
9285 52
9286 5
9287 0
9288 37
9289 7
9290 5
9291 56
9292 54
9293 2
9294 59
9295 53
9296 63
9297 34
9298 32
9299 29
9300 44
9301 9
9302 56
9303 31
9304 46
9305 31
9306 32
9307 4
9308 2
9309 8
9310 38
9311 38
9312 36
9313 9
9314 29
9315 5
9316 49
9317 50
9318 7
9319 2
9320 47
9321 46
9322 60
9323 40
9324 42
9325 5
9326 12
9327 58
9328 16
9329 55
9330 21
9331 18
9332 57
9333 26
9334 15
9335 40
9336 22
9337 12
9338 16
9339 21
9340 32
9341 13
9342 50
9343 51
9344 47
9345 48
9346 10
9347 42
9348 16
9349 64
9350 2
9351 58
9352 63
9353 73
9354 13
9355 61
9356 29
9357 54
9358 60
9359 61
9360 47
9361 73
9362 15
9363 64
9364 49
9365 22
9366 27
9367 41
9368 53
9369 30
9370 75
9371 12
9372 5
9373 23
9374 58
9375 58
9376 28
9377 33
9378 33
9379 39
9380 51
9381 24
9382 23
9383 22
9384 69
9385 1
9386 45
9387 39
9388 44
9389 18
9390 45
9391 77
9392 69
9393 67
9394 42
9395 30
9396 10
9397 4
9398 44
9399 31
9400 35
9401 9
9402 13
9403 34
9404 14
9405 35
9406 37
9407 2
9408 5
9409 50
9410 45
9411 4
9412 63
9413 60
9414 5
9415 50
9416 16
9417 63
9418 68
9419 20
9420 72
9421 57
9422 30
9423 63
9424 39
9425 44
9426 37
9427 18
9428 58
9429 55
9430 3
9431 68
9432 37
9433 31
9434 32
9435 34
9436 10
9437 42
9438 12
9439 17
9440 48
9441 33
9442 22
9443 47
9444 23
9445 69
9446 10
9447 63
9448 21
9449 74
9450 14
9451 34
9452 6
9453 34
9454 12
9455 34
9456 45
9457 27
9458 30
9459 1
9460 48
9461 54
9462 22
9463 38
9464 25
9465 74
9466 48
9467 67
9468 47
9469 78
9470 3
9471 9
9472 53
9473 53
9474 45
9475 17
9476 49
9477 40
9478 8
9479 41
9480 40
9481 33
9482 27
9483 31
9484 55
9485 64
9486 41
9487 60
9488 73
9489 38
9490 36
9491 6
9492 30
9493 8
9494 48
9495 26
9496 18
9497 45
9498 16
9499 25
9500 53
9501 28
9502 20
9503 29
9504 66
9505 6
9506 41
9507 59
9508 53
9509 18
9510 10
9511 45
9512 53
9513 64
9514 15
9515 33
9516 42
9517 28
9518 61
9519 63
9520 66
9521 9
9522 26
9523 4
9524 66
9525 11
9526 4
9527 54
9528 4
9529 13
9530 22
9531 30
9532 48
9533 3
9534 47
9535 73
9536 9
9537 69
9538 32
9539 29
9540 26
9541 37
9542 71
9543 36
9544 11
9545 7
9546 69
9547 74
9548 69
9549 8
9550 1
9551 41
9552 32
9553 40
9554 25
9555 60
9556 59
9557 32
9558 60
9559 48
9560 19
9561 44
9562 15
9563 31
9564 30
9565 2
9566 32
9567 69
9568 69
9569 58
9570 51
9571 27
9572 62
9573 28
9574 32
9575 73
9576 67
9577 61
9578 73
9579 48
9580 45
9581 46
9582 54
9583 16
9584 33
9585 30
9586 27
9587 34
9588 30
9589 8
9590 26
9591 31
9592 32
9593 32
9594 61
9595 65
9596 40
9597 31
9598 39
9599 11
9600 0
9601 6
9602 63
9603 34
9604 29
9605 28
9606 72
9607 74
9608 23
9609 23
9610 41
9611 39
9612 26
9613 19
9614 39
9615 36
9616 73
9617 13
9618 3
9619 20
9620 43
9621 55
9622 74
9623 27
9624 27
9625 20
9626 28
9627 50
9628 53
9629 54
9630 31
9631 32
9632 33
9633 27
9634 60
9635 30
9636 51
9637 39
9638 52
9639 37
9640 9
9641 71
9642 50
9643 4
9644 65
9645 3
9646 73
9647 49
9648 40
9649 61
9650 53
9651 9
9652 50
9653 43
9654 42
9655 28
9656 63
9657 7
9658 74
9659 72
9660 60
9661 60
9662 44
9663 5
9664 11
9665 27
9666 32
9667 6
9668 30
9669 35
9670 26
9671 1
9672 59
9673 15
9674 30
9675 7
9676 0
9677 1
9678 2
9679 52
9680 23
9681 41
9682 49
9683 8
9684 20
9685 39
9686 35
9687 51
9688 24
9689 10
9690 37
9691 48
9692 2
9693 39
9694 27
9695 25
9696 39
9697 19
9698 34
9699 50
9700 36
9701 19
9702 31
9703 25
9704 44
9705 63
9706 61
9707 19
9708 69
9709 5
9710 46
9711 47
9712 20
9713 33
9714 33
9715 25
9716 21
9717 54
9718 38
9719 34
9720 19
9721 50
9722 31
9723 64
9724 41
9725 41
9726 29
9727 20
9728 66
9729 12
9730 56
9731 34
9732 8
9733 55
9734 23
9735 41
9736 51
9737 43
9738 8
9739 16
9740 51
9741 18
9742 70
9743 20
9744 53
9745 11
9746 31
9747 51
9748 29
9749 46
9750 41
9751 46
9752 29
9753 48
9754 42
9755 46
9756 58
9757 26
9758 48
9759 14
9760 40
9761 27
9762 23
9763 26
9764 29
9765 23
9766 20
9767 57
9768 58
9769 77
9770 74
9771 16
9772 51
9773 18
9774 28
9775 8
9776 47
9777 28
9778 12
9779 40
9780 34
9781 31
9782 31
9783 59
9784 31
9785 43
9786 61
9787 9
9788 53
9789 57
9790 55
9791 32
9792 66
9793 34
9794 50
9795 26
9796 51
9797 23
9798 54
9799 19
9800 68
9801 66
9802 33
9803 36
9804 25
9805 54
9806 27
9807 21
9808 31
9809 49
9810 14
9811 10
9812 42
9813 49
9814 43
9815 6
9816 42
9817 30
9818 34
9819 43
9820 33
9821 53
9822 22
9823 66
9824 63
9825 52
9826 48
9827 66
9828 19
9829 53
9830 53
9831 19
9832 44
9833 30
9834 63
9835 31
9836 30
9837 32
9838 31
9839 33
9840 57
9841 59
9842 31
9843 29
9844 22
9845 59
9846 33
9847 39
9848 0
9849 12
9850 39
9851 1
9852 3
9853 39
9854 69
9855 39
9856 39
9857 19
9858 2
9859 10
9860 37
9861 37
9862 42
9863 1
9864 52
9865 33
9866 1
9867 30
9868 32
9869 37
9870 60
9871 33
9872 28
9873 48
9874 26
9875 59
9876 26
9877 39
9878 36
9879 39
9880 35
9881 42
9882 33
9883 43
9884 36
9885 51
9886 40
9887 54
9888 46
9889 37
9890 11
9891 8
9892 7
9893 23
9894 22
9895 33
9896 50
9897 16
9898 52
9899 28
9900 6
9901 46
9902 53
9903 19
9904 47
9905 65
9906 15
9907 43
9908 14
9909 37
9910 16
9911 53
9912 41
9913 53
9914 50
9915 56
9916 68
9917 5
9918 55
9919 13
9920 25
9921 56
9922 18
9923 47
9924 57
9925 16
9926 49
9927 49
9928 56
9929 20
9930 60
9931 0
9932 44
9933 49
9934 4
9935 23
9936 39
9937 39
9938 4
9939 9
9940 28
9941 35
9942 48
9943 29
9944 71
9945 5
9946 60
9947 37
9948 50
9949 21
9950 39
9951 64
9952 8
9953 52
9954 34
9955 23
9956 50
9957 32
9958 40
9959 57
9960 55
9961 56
9962 21
9963 43
9964 60
9965 34
9966 7
9967 4
9968 4
9969 25
9970 25
9971 22
9972 3
9973 43
9974 37
9975 32
9976 65
9977 34
9978 71
9979 70
9980 59
9981 37
9982 58
9983 2
9984 60
9985 66
9986 40
9987 35
9988 11
9989 11
9990 11
9991 59
9992 54
9993 73
9994 72
9995 1
9996 44
9997 31
9998 53
9999 70
