1790 8576 18860 14005 10516 2848 19086 13923 14373 17668 15711 
5021 4319 19786 15997 19136 
17330 19562 18937 10560 14205 
2127 5167 1241 2305 15153 
11904 1156 12489 4147 15022 11458 10421 5697 858 8889 6295 14697 10965 1650 14572 6703 19123 1486 11633 19978 14455 10652 15531 2312 7138 5035 6922 11055 19268 5957 14028 2454 16174 12027 6169 5655 12868 9693 3185 13267 8791 6903 15871 9420 13750 9072 10947 5064 15472 12109 6765 7709 1630 12800 9039 4580 15261 16866 19045 14529 15955 4519 10122 5201 9067 8507 2388 3066 19025 19163 8391 
961 13723 15621 3926 17353 11982 15458 6525 4245 12517 
2296 12719 1039 9340 118 19488 13461 6522 9559 15430 10290 4170 1624 1536 16673 14517 18758 18981 5348 13894 
14158 6667 19997 4428 1197 6568 17594 6441 13568 3540 5805 10792 8937 13586 5520 4844 10850 
3149 19090 11892 4828 9327 
7201 7141 16996 9706 2904 7189 15822 1266 18122 17306 5525 2722 3305 7633 14361 976 4716 9683 8916 4546 2121 9219 3859 13745 19895 7934 8728 13699 2154 8249 12128 6569 16449 8820 10043 9344 4255 1604 14643 15383 16714 16761 12652 11041 
12435 18437 438 6961 3391 19386 19409 19938 17431 16498 13167 5638 17346 15013 
19382 10144 1505 17515 19519 1677 7145 3255 7227 9603 6443 8691 4958 13497 2405 6912 12043 15931 9564 12975 19810 2999 17999 5443 6119 4458 9982 19591 10814 13311 6236 14145 15324 17345 12766 8420 11970 14387 14241 16812 14076 9711 12075 3940 17726 7570 9728 19266 2946 15754 17784 19630 
4846 14681 12343 5913 8759 17364 9896 16335 8054 3515 9094 2391 781 18701 15664 18852 14820 4572 19936 17441 7958 241 6526 15974 12512 9186 705 1538 14100 15674 6114 19862 4744 7857 
3814 9704 15277 4236 16793 4976 1319 19665 6943 13578 6151 12260 
12346 4069 4667 6306 4293 19766 11945 6490 6798 7954 15880 12844 16126 19926 14682 12107 12845 11819 1812 18010 8726 2737 11371 14938 4240 249 7943 2704 17010 2260 10868 18113 8346 17707 13880 8344 12450 18638 16754 8282 7683 16415 16872 8704 16461 12537 19778 656 7120 14319 3823 10723 12825 9945 80 7071 18202 4528 2275 12337 1513 6292 17186 
5274 10072 8706 3351 6875 9273 15631 17227 162 18405 5494 11966 1208 15580 5535 10088 17679 7092 2979 19789 17 3008 10292 2310 7309 4814 4826 9299 10042 12279 6246 14571 11508 16518 13018 14169 11683 589 9388 17419 10614 1956 5389 450 13180 6215 13140 8113 9552 4751 7123 18109 1036 3692 155 14897 5933 9492 10092 13670 18239 7471 10451 1716 12342 13206 16406 9967 7840 7259 15543 10618 17329 1844 19445 19211 14159 8619 15765 2447 8480 11250 18782 
17720 11937 7231 2072 18913 
12528 7280 17941 16856 13546 867 14021 19880 15331 4904 18209 15494 
2123 1177 9216 19448 3545 
13915 980 8089 15771 
16660 6692 3390 8944 7235 
18687 2874 12926 19430 
5236 6015 13965 7335 14515 11786 8415 7270 525 5493 8839 18019 10440 18240 16624 13328 
6491 3597 14713 8129 4461 2971 4894 1354 3989 8525 7723 10236 7515 3809 4330 3344 14469 19477 153 11444 15972 6427 1775 3686 18158 14787 131 3040 8380 15866 17502 1180 4507 16557 18883 10852 6229 14519 2346 8469 18677 16679 15095 15347 15400 12381 3447 9138 4108 17907 16683 7198 6811 10009 15547 7090 8815 9034 4932 16504 18270 14536 14221 14532 5462 4335 19296 19944 4275 13630 447 19996 3802 11255 380 16107 10151 9421 1975 16394 14239 16318 6408 9247 13937 4346 6070 17733 10806 10402 1306 8430 14728 5259 13253 19904 9646 9070 16272 10010 10232 17593 11499 10619 17937 97 10697 1648 12319 11393 11297 292 4492 770 14146 
12576 737 5102 3032 5466 15994 5615 611 12912 6589 16681 1801 13893 9643 790 14696 9493 889 15451 11032 17217 9621 13526 17859 1883 2617 1873 4847 1529 13991 
11057 4732 9561 635 16409 7193 18589 1302 197 1325 4225 12627 15346 10298 11264 2078 5769 2334 4094 17168 11991 16792 13456 18793 2831 19853 1464 13704 323 2615 10596 1141 14310 6241 2771 14966 7819 13617 7098 6622 224 17684 14747 9942 8448 8123 9329 14437 12200 18850 13089 10554 87 7531 2785 10378 14358 1902 6325 13389 9953 5568 6965 9211 4757 8343 9640 6205 1288 6597 14608 11323 11808 8414 18472 8756 15037 16519 15596 192 4534 
14835 1060 1509 13113 
6698 15023 10726 1019 10224 8513 3569 4491 10862 6963 3179 2187 12631 10918 14219 18556 15033 19935 8310 10274 1316 824 14492 14699 10528 10789 4179 5352 2102 
2179 11527 17851 15274 16982 10488 5634 5140 4679 12155 10941 8266 11298 3245 14504 6315 10263 4284 10099 17817 13729 
8639 9104 15869 10330 4681 
14679 5588 7582 3707 10383 19871 10653 6217 5372 18002 19127 10145 12051 11252 9181 7304 8664 18871 139 7262 8226 3723 3876 10565 14842 4611 
9826 15302 13441 1710 15507 
16994 8116 1612 317 
16500 18558 3554 12604 
15243 8530 1856 3343 
3853 3960 8826 12608 
15162 19558 7172 12726 
7128 18410 13932 382 8240 13904 85 3043 4173 15433 8924 
6273 67 5885 14678 257 18180 19932 2739 2846 17250 4066 11467 5224 5820 9031 17120 19008 4210 10736 15288 2076 18539 2625 17725 4442 5317 13856 760 19561 521 1155 18624 5505 9257 18081 14214 
10999 3047 406 19683 10900 10262 6650 3536 6689 16195 18519 15883 1350 18813 4065 10438 14026 11166 19821 12010 10492 693 10280 19912 11502 8627 9096 
4565 12709 15998 11907 6232 5940 74 1732 1352 6385 18587 4998 7923 1357 14607 14342 1998 19615 12520 11590 9949 16688 19849 18799 10401 13446 10095 12424 3937 
5354 5787 4184 15630 9854 7604 13403 12695 11232 12697 10913 11135 8254 5183 
937 15167 13252 1315 
10522 7697 14971 15113 14332 5642 15248 9575 3457 12300 10011 1682 16534 15149 
1207 6627 11500 6328 9310 
15914 19070 9004 18098 
9390 8752 14121 11820 9201 2062 2573 12898 18835 4876 14957 3795 13291 1174 16004 
7823 19433 9217 5289 2144 
15926 11392 15713 10295 12581 18584 1049 2219 3325 1079 10441 4809 16964 4365 8648 2773 
3875 3176 16072 15558 6731 15826 8807 13793 9059 9973 12422 14993 18853 16984 7464 3931 9052 1815 3002 6018 19523 19439 10133 8542 959 13513 4053 616 2651 13204 13990 3379 14843 19288 5083 7194 12680 9955 9270 15684 8038 636 14883 2628 7009 782 19583 14194 10679 
5612 219 9312 12125 11207 859 5492 19402 3963 45 7555 10912 10743 7420 9732 9154 8463 3538 
18443 6478 5000 11373 3158 18335 4605 5600 1307 5141 16903 1860 6531 17881 12524 4052 4018 1976 1773 2911 11183 5072 3312 17827 8107 7950 7832 8986 4807 6521 2171 1196 2834 6967 19803 11753 7667 13949 974 5745 11259 16187 16281 14262 16884 4341 11263 16661 8087 4946 496 5597 19247 3294 9607 6619 1383 1756 19545 13040 19376 1697 223 7028 19260 11022 5775 5186 446 18442 114 11134 2993 19837 1864 14718 11734 19847 1472 5670 19371 9523 14734 9089 13926 17149 15832 6664 7307 15063 6249 18530 12767 9255 14750 7144 16096 3641 15545 164 10665 8723 10636 2446 19400 15372 17956 18902 4684 11306 9495 17462 14738 11848 318 11304 19550 3605 12405 3717 6620 19309 9131 11721 12014 14383 5486 12839 2706 19796 2857 3929 8871 5759 582 14996 12801 9168 16296 3613 16919 14180 18326 16511 11328 13438 4969 17136 17529 17716 12998 3529 1118 5384 19392 2807 12146 17039 1913 623 1475 1514 10250 4794 13834 17728 18256 3366 7516 5590 16007 3249 11963 1260 13785 13106 12064 15879 2038 4141 8613 7975 2710 1948 5029 5332 5371 8046 16753 3318 8636 7894 13606 10503 2646 15758 7978 16685 12549 17301 7550 18918 4483 7920 2713 17730 4422 5091 12464 12773 4820 8381 12453 654 53 2715 242 5863 674 16378 5665 14974 6635 16 41 7885 18312 16755 7799 2986 6370 6380 8324 3428 16805 15164 8814 8833 4383 18545 335 14199 7383 11835 6952 9669 1933 16391 17675 666 14059 14793 16629 16118 11822 16874 13955 6878 73 9952 9143 2850 4425 15353 17957 16489 5736 7438 6764 14980 17373 6120 1114 14662 9899 13471 1382 3980 18393 17472 7599 19118 8349 15195 7620 6930 9422 4248 12002 13538 19495 4884 9740 250 19984 8686 18581 8746 17331 19843 13095 17370 8077 18419 11939 13732 6011 39 16408 3981 6132 14864 14847 12586 6962 3827 15602 8656 3955 4432 7777 11480 11864 13076 2961 4627 9165 13735 2598 19120 6927 3339 19214 6452 10775 5043 9978 675 10118 441 19174 17861 10715 16724 6760 16822 13651 622 2600 19597 133 14569 16606 15775 5225 547 6075 10724 7251 14779 3422 6475 3201 2529 3834 12368 15617 14825 5019 17105 19671 42 10946 15108 184 18570 12158 3454 4831 2487 9831 19443 19183 10022 11448 14722 4741 12661 5792 8237 9411 13545 12776 14976 12259 16751 4183 19324 9893 9297 18516 768 7504 14487 3533 15522 2796 19151 18833 11447 14204 4430 3849 9824 386 1045 11354 7593 15246 4988 3793 9765 8838 5192 5038 18531 14576 3695 15447 11340 10936 4575 777 7861 16049 19966 5720 1978 12086 4531 18248 13620 5571 10795 3943 19300 10945 14478 15794 17889 15390 19395 6822 14380 1470 10869 7939 4995 10493 5576 8025 19393 9320 16485 11575 1050 8869 15436 6329 1825 3651 9386 1218 52 4279 6614 325 7801 1286 13878 10312 4811 2232 5233 11551 14724 18160 3848 1181 19449 9736 11325 13542 1455 10381 18725 15049 8709 8783 10605 4711 9033 11687 11466 6477 15381 2542 491 12322 15363 9560 9567 7491 14350 1670 16689 10990 9468 2944 0 16585 16599 3035 17233 11796 7596 11605 18014 10836 3076 8431 1206 14072 5662 2953 6231 19496 2131 17192 9626 11988 12149 5415 10375 17970 16845 12195 1565 16267 3203 16038 5698 5334 19085 9214 15379 1410 2259 11846 18018 10115 8106 19913 10919 5137 17332 4677 3953 4782 10555 9309 6302 19802 3273 3689 5687 6200 14115 11276 19856 11720 12387 3908 3395 13134 12122 19421 13203 10872 12006 6367 19134 3315 15779 18017 12716 18091 9960 19749 15020 14597 5345 138 8852 5513 13779 10876 15094 7938 17986 15717 17771 13832 8516 19826 5187 9196 5134 11024 10273 17433 16036 6461 19731 11160 5325 4194 15509 16289 1522 19710 9981 9939 16193 12518 5465 9628 7239 9456 19040 2601 8858 11422 3227 10778 8771 2726 5806 549 13258 17597 17564 358 4879 15564 14160 6413 13408 6072 12272 1175 7062 18475 5084 19092 9159 14762 12425 8104 12348 10627 10642 9562 7024 5214 7379 6779 9624 11849 10955 2611 14813 18939 3746 11093 8474 11430 7107 18494 3153 14732 8762 11607 1592 13260 5891 1408 13751 19271 4074 16125 9758 14627 16999 4484 6514 2804 1198 17178 3459 6630 19776 19755 8720 3306 14353 18952 4970 4825 8091 3770 2368 10543 18290 11708 10376 10742 13760 9925 11105 3511 12713 10168 11799 115 13830 4880 879 15027 6219 11043 10871 7631 6125 14464 1261 5075 14688 14968 1275 13684 2693 5731 9733 4457 10494 238 13108 2562 7114 562 794 7578 16098 3570 4417 8601 5948 14060 9825 9384 18377 16869 7828 12754 3346 9812 7907 5858 9661 3171 2767 13485 12330 17866 15995 5172 7437 4075 19798 12199 58 14564 3260 5235 6055 18187 10490 4781 280 4222 5105 14912 9576 17103 13281 16364 14257 3099 4204 2962 239 18448 2680 1675 179 8298 8210 13881 12420 13003 4539 4031 18652 16960 9323 617 13469 3942 17609 18434 1874 7479 19719 11051 2427 1022 3632 4709 7245 17996 16973 14918 15532 808 12382 2489 14315 2421 389 14894 3643 2227 11672 14553 6802 627 16332 8956 4628 10655 7097 6773 16071 10640 10134 3421 3975 16794 9215 14458 4961 15341 5279 9619 7364 17090 11014 9236 16594 649 6729 12077 6797 12765 14675 11606 1525 9670 15549 16775 13425 12012 18787 16483 3700 5446 9634 6585 16068 13733 9398 7779 15413 19898 3698 8312 6035 135 6979 2053 2254 12168 11459 8975 9373 16513 6492 6284 16226 2495 6260 10443 4864 6824 3279 5115 3720 1097 15399 2764 12670 5305 18499 8248 7418 19991 13398 8987 1312 15193 11381 17447 5991 3166 4937 10991 8428 16205 6434 17843 15144 16398 16900 6735 4793 5050 1620 10888 1270 9512 9169 4409 1149 6607 19502 13486 19716 5398 10539 423 5032 548 14498 17343 2385 8758 9581 13657 12080 10722 18457 15111 17188 10214 7397 7051 9248 4324 15174 940 15118 10328 14739 3295 14107 3841 1428 19697 15097 14759 18233 9007 6641 9133 5370 2744 7581 4544 6146 17264 7365 18759 2691 9 8076 11143 18042 7461 18482 7432 1365 19335 198 7054 6848 12332 594 7745 607 18506 13993 3512 701 4068 2978 4928 15001 590 7554 2354 14653 2674 12147 5904 1743 2513 17307 16087 102 3378 8638 9800 12560 3119 10504 12023 5501 17089 6669 16886 6623 19290 16814 11303 7376 17533 13900 6073 12936 1587 14247 3354 6348 5831 12127 13097 5432 13792 783 634 18485 3001 1551 7794 19667 19967 15588 2793 7018 2738 3951 13277 14357 1249 9237 12745 7174 17485 14065 17777 6044 8907 7017 9608 2461 17613 16621 19508 7544 7407 14006 18479 11911 7727 3857 17260 10548 19580 15668 12757 5807 19377 15409 17203 11689 1691 932 14408 1834 5640 16735 8364 187 16122 1205 5262 18188 6978 1226 3007 9294 18698 5229 6790 7666 11 2265 2599 11437 19817 3987 14890 11163 12580 7425 4448 8478 5992 4600 15978 18452 13788 2048 4549 9521 5876 11341 4845 13242 17057 12074 6632 11347 18430 5570 2585 10672 17672 18900 7548 18455 6179 16990 19983 14924 8207 4114 12756 16670 888 6676 5867 10140 5734 11910 13929 3418 14459 12244 14726 13026 9675 9087 2208 2755 9028 17442 19950 2444 18775 13396 12855 943 13453 4926 470 60 15653 7872 10597 10365 7322 8800 6182 3727 9489 10286 5990 12375 10038 7736 2292 9680 8402 9424 17951 15849 3510 12951 1157 9316 15881 16576 1033 18090 7439 19463 13185 7084 8305 9487 829 408 9496 7361 8943 17618 12972 2503 752 10889 12045 11235 10842 17839 17853 9632 17620 8171 15912 19245 11403 16227 13195 9971 18463 14091 9660 10146 17783 3636 12217 13360 11174 5811 3611 4772 9548 3594 17308 9748 13112 19957 2246 19626 9435 14771 2631 1842 6778 13454 3094 18973 3638 17032 7426 8954 166 6060 10579 7871 10435 16559 11301 14147 12231 10689 9598 10469 7962 9631 19735 18864 16115 17892 11204 13922 1939 15875 843 8186 8718 353 15714 14606 13559 5114 12373 16017 13209 4987 6101 18992 16608 5539 14594 4084 3045 1981 4891 19602 968 6474 13692 3403 8873 5591 9179 15416 7127 13001 18102 1203 18100 12406 9416 16951 7655 6714 15622 19747 2070 6238 4742 13564 3683 2182 9956 9102 8690 11033 917 13837 4139 923 6149 17230 4280 12755 17781 13711 16045 15821 16199 16051 2708 7722 17228 55 2864 2166 13605 17025 5226 13371 6056 1090 14390 18120 4818 16564 13378 8020 4766 7688 18045 19792 3949 7713 13262 7252 18142 18237 4450 19492 9663 13967 14181 17322 3816 8872 9881 19010 14452 18288 15007 10952 19560 25 2863 4249 12497 4037 1387 1484 6393 14211 456 10501 15632 1242 3271 17690 4798 17805 539 12809 15726 14125 2126 15157 6942 18674 5500 4540 11533 13264 12656 2435 
9497 16288 10215 12995 10159 10514 6716 8354 17385 8438 11142 6874 11709 10961 15179 15373 1104 14827 802 5564 12410 18058 18604 2952 
14582 3263 16159 2899 8635 18663 17069 4635 3832 1894 7773 9457 6905 16142 13981 7726 16936 1959 11514 12063 8787 8766 2392 3135 
10452 288 19781 2428 16456 12485 7889 14959 17535 7093 2200 15136 
6294 3046 13789 7181 4416 4403 18501 12157 14891 1251 3537 15607 11054 1020 8524 18469 
10997 16416 11559 6673 
17114 18315 6012 5699 15386 
4092 14081 3347 4687 
13660 19423 140 1725 15651 15414 15595 6165 18946 6924 6690 7274 18767 3038 
1245 9811 5509 13285 
11664 1521 10033 11563 9400 17026 11350 3230 4812 16965 7656 8564 116 16337 3657 5718 18489 5410 3916 2432 18514 1087 17315 16435 5514 8985 11665 10716 16375 11918 12366 558 11573 19729 17745 18643 3238 12277 18733 
19982 13366 4256 10177 3360 13338 11245 11565 12694 14404 17273 10882 1229 10084 2041 14872 7665 10300 8024 4707 11178 15092 8597 11801 
11588 16711 4881 15258 
5526 5422 19052 8906 2666 
16573 10285 9786 8001 15750 
12968 18128 7266 17754 1330 6588 13225 16586 11934 17938 8673 14844 3690 8965 3813 19061 13964 1388 5524 2551 1887 18219 19055 305 13008 3214 6061 7044 9321 8676 2333 19925 8058 16039 19358 6563 19661 11330 19167 18717 10860 14281 11744 17254 7313 421 16563 13585 9910 8071 
13984 4624 4405 13940 5185 13618 13317 4377 5765 12596 3057 8413 19720 13555 7469 6080 8405 12718 7926 9994 17467 15335 7535 1893 6127 938 15776 17875 12658 16059 10690 3296 8504 11713 8592 5517 4773 15933 19765 2341 8971 17392 17309 13302 6638 6002 4153 14182 
13098 16323 13818 8745 
16305 1017 369 7616 
11811 11829 4672 16448 8419 
17061 17121 3726 6103 
14049 4358 14511 16055 11694 19394 14474 15449 13703 15172 6334 1610 234 4085 17678 954 4966 13476 18949 1785 1871 17498 13316 9461 18705 5963 6832 12353 1223 10757 2458 11423 3572 10384 17436 19231 10670 3670 8583 11224 6605 17319 15670 6388 15975 665 19986 7395 19676 4801 7780 17116 12177 14733 17604 18834 2727 1272 6267 8137 9288 10271 5087 5468 15031 15059 13659 4058 13519 5450 174 109 10927 676 913 19326 10006 18272 11233 9093 14668 17193 16242 16235 6445 2097 11156 1560 4326 16838 2280 10405 14969 11061 10728 2931 282 6113 19075 12601 15017 10264 19684 3619 4129 7358 5646 13111 15029 7622 17972 16487 3183 2632 7206 7551 19133 7680 17451 8169 1740 137 4674 12561 3634 3104 19686 4395 5388 18961 15647 15790 17437 7761 16909 10080 6171 13810 16859 18487 3568 11964 11026 18267 7381 13911 7904 16114 18827 6333 12286 2574 14716 18345 14786 15450 14905 1632 15198 16830 4651 1176 1449 19650 19184 1586 3005 4752 19325 17187 16873 10822 15303 7230 19282 17551 1463 9220 18218 6208 14037 8279 2153 1390 3806 19547 15678 5952 18363 16484 17403 2365 4311 12449 14282 10311 18394 7035 1932 11272 19846 15745 9167 6257 9009 12598 11677 11931 16558 7200 2445 337 18264 6265 19655 14252 4216 2218 8742 15091 4666 10620 5859 11839 1016 5367 2902 1580 228 7930 12099 4538 7730 4045 10026 11847 5898 19050 11553 16104 7864 5938 11127 3085 11267 15221 18061 15196 17182 14863 1768 11828 18440 13726 11897 8984 4479 17274 12252 4641 3740 19037 19161 9380 18999 1762 16918 11133 14652 16634 8967 204 7648 14861 410 4673 1702 1601 19269 3914 8182 7822 19148 9532 3024 17302 5094 1074 1384 5623 12481 9996 9109 8253 17289 10478 7914 13202 14770 7081 19848 103 5589 2339 7073 19205 5604 7087 11376 15015 8331 2973 13091 10313 13048 19096 6548 9717 4710 989 14395 17683 9099 6090 11161 3210 19212 11421 12989 15682 5009 4634 19279 18655 10772 7228 18057 16837 17248 7301 8228 10793 18332 12833 12797 3550 17180 17869 17050 11020 17277 3763 485 5862 15523 9902 5988 4073 7525 16687 10550 5936 10112 9058 13226 5074 2854 12847 1193 9431 19873 17390 17088 17162 15175 14157 10712 15084 683 5375 4260 1661 16150 7445 3909 2270 3812 18432 6724 4091 19485 11084 7733 3965 5374 4974 778 19701 15367 14410 16551 13572 16084 10210 7572 4002 6941 13160 5925 10580 5301 13610 11798 2266 12389 6829 205 9999 10829 5292 14922 4662 18064 15352 936 13432 16290 6391 7339 10397 3011 7275 1271 7020 8221 3865 7165 341 9832 10886 13946 4779 14858 14230 15585 10484 3284 326 7824 12190 10396 19359 15044 18319 1569 1876 10777 15170 14977 15404 7478 10976 12175 14626 12044 18176 861 11571 10992 11072 12701 3165 4036 11157 3903 13102 10448 19095 8884 16418 8534 19718 19091 8321 18217 17981 17411 17886 15235 632 15151 11591 7811 17721 3190 14002 5256 10988 3414 5427 16005 16185 17486 4235 2338 14874 16847 739 10568 16308 16767 14526 8545 16533 399 6853 1465 7150 5156 1855 9965 1644 10327 1926 2386 14709 11147 9484 703 7881 15260 2063 8251 9333 17625 18168 12895 16566 3148 4474 9976 8713 4071 343 1824 4111 1878 19526 4685 11987 18837 11913 4 1802 5910 16686 10621 12613 1967 15861 13963 9860 11477 13616 89 8972 31 13786 15911 4808 14988 10380 6702 686 587 6539 3393 8739 8841 8366 3729 18285 14801 14229 17038 8587 502 16652 15924 4654 13594 11564 16431 19121 7594 14186 19360 3440 8817 5916 17236 10855 17556 13011 11197 17925 16217 10623 2878 16832 6058 6373 5700 338 4306 8880 14171 5238 17450 15526 12909 4950 19811 3895 17633 11180 16715 15817 17520 16477 8142 9370 9347 17249 11807 11037 14362 10398 16495 1248 18355 8379 15798 8953 10751 7286 5049 18772 18067 18893 5014 13959 16066 5321 10071 13289 18636 8776 1151 7183 4132 4348 3604 2624 3250 7916 18304 13436 15222 7863 16614 2321 10462 13838 15062 13327 15115 18948 18565 10020 13766 3101 4456 10821 19171 12172 4509 18279 15107 12482 14297 950 7942 3253 3614 19117 16503 2992 6359 12904 9572 1031 11449 9464 11679 11274 17729 4171 11845 2221 19901 18713 14099 316 12849 8283 1103 16389 17926 10973 1479 9779 6656 3229 8401 2949 11595 12594 17904 14343 1102 4271 13110 13043 16969 4150 2336 9177 7650 16850 2677 7496 3068 13933 18943 11395 18250 14700 4197 19642 6041 9857 12666 9074 9465 16575 554 4638 5521 6558 16472 13073 2085 16639 7146 619 19571 7741 12094 8115 2195 11771 15736 4836 16783 9079 10735 4648 4168 5366 14896 5735 6593 16053 5997 6968 2452 2399 16530 1144 4722 14148 5285 4268 11424 4955 11777 2745 209 6975 6159 6140 4837 17959 18697 3410 5929 11953 14523 751 15550 3994 13045 19094 18496 16589 3500 1171 11712 6847 15641 11552 8060 5685 4853 8574 1391 19374 12130 3089 13133 10905 8917 3340 8886 4250 19403 18192 11688 5782 8444 3411 15540 15287 6725 2490 14720 16924 8375 3014 11146 14666 13939 13850 3423 14859 8176 5558 6233 14512 13806 12523 8121 7834 509 18183 13046 10924 8157 13437 14314 1477 21 13031 5116 18500 5613 4178 16617 12324 158 1413 11076 17262 5836 17517 7160 3945 18243 569 2214 411 9871 5243 12121 6482 14152 8933 15271 2347 7015 18795 9147 13381 17281 16860 490 9195 9938 12822 18836 110 17140 16855 8902 1806 17673 985 4532 8699 14841 1143 13529 18988 11225 12841 11198 5244 3265 16081 3226 14555 3546 16454 2614 19728 12137 16935 17566 10017 18744 1400 5959 11368 15491 5046 7843 8914 17553 4503 7598 10486 1794 13683 3202 10184 2251 17924 16907 12503 3342 16553 9194 14889 
18812 9204 15437 18692 9470 618 17384 7882 10339 15227 19835 3264 18843 12785 
18667 3012 8695 9837 11794 2104 8499 4447 4626 5476 
6404 1971 7833 9200 6135 
3413 4444 10141 13504 6624 9459 18198 13325 9244 1685 14695 4841 10578 2571 7167 19742 4774 
13941 722 12296 14475 5252 364 7552 16781 14454 19051 6769 3028 1837 10489 3044 13473 122 9413 17113 2655 18492 16266 18373 3479 4736 10233 2319 17291 9873 19491 354 4658 16060 13168 3640 15963 3562 17906 2951 15240 11884 13642 3946 17221 11560 2206 3475 10718 10950 19484 12819 17758 16413 1032 9614 8393 9116 6067 
890 4123 15338 3506 12095 7639 10175 2188 9855 19307 2608 
3074 19783 61 16854 16100 2579 1444 12583 8053 6189 108 19579 15417 585 6527 13583 18086 15615 10923 9836 6555 
3357 17320 684 16933 18901 13973 301 15868 5601 367 15979 2787 4550 19972 10648 10569 17585 15555 13182 8191 7750 3877 15663 13901 9269 16314 24 15609 12644 12743 18416 7711 8162 10278 16709 4917 5695 11681 5246 17043 9439 6512 19958 8818 10916 463 12092 15308 10237 
15147 19434 18200 15476 
17241 18594 18817 5121 11115 7821 5864 719 16254 1274 6843 577 15140 18388 13276 6626 2010 2091 16085 7810 16510 11540 12307 17811 19659 15052 12558 14256 5958 17569 2884 11803 18771 3995 2845 5870 7676 536 18998 16043 11091 8569 10123 10377 17946 16095 185 4670 5606 6670 2190 17558 10685 10499 14812 15087 8293 10932 19874 7897 3483 1877 5439 16402 15219 13251 404 17596 8147 7268 5853 12447 
6353 10865 948 17760 18119 11512 1631 9012 12136 16977 14118 19255 19886 3071 7632 1322 15851 16929 
4438 17232 7670 16213 12316 12462 16601 6553 10234 4290 8418 19634 5636 12734 232 17455 11710 4542 10003 6888 3124 10013 17085 1847 4526 6139 18015 11029 14346 16040 123 575 15493 13173 3615 4669 14288 1100 13374 4379 9509 4977 16170 8361 19539 1256 1993 1805 18349 15068 3235 19709 1397 19294 50 8120 5739 17369 12229 4996 10319 4922 14017 14124 2482 8979 19900 8993 8296 5333 18125 5824 5309 610 14495 12892 8678 17638 18951 4930 10060 7158 12532 14756 5579 13536 14424 3938 13052 16654 16397 3765 17430 6982 13375 5395 5297 8851 19599 7924 7466 1880 1803 4909 12922 3649 1898 17323 8004 19928 960 19429 7818 3020 6804 3372 13982 2540 14791 5643 15216 8861 14073 16871 15856 17979 1573 3992 18816 12186 2080 18855 12179 7031 9550 15699 6297 6390 15364 13358 16740 18149 2216 16010 8022 1618 18424 16300 2430 9301 5449 16698 14624 8166 4166 14440 11594 14704 11159 11870 9911 16295 14484 307 15296 5598 19466 5581 9152 1915 13957 13416 18166 2665 16795 2037 1760 11741 15497 2558 12372 16069 14249 11916 2868 3470 14172 7781 17484 9947 4951 4323 16976 16222 6794 15858 19076 19705 5726 13812 15102 1133 17066 10460 2705 19746 2 3237 3073 1857 14340 12271 83 16427 3013 10166 1341 2308 18806 1235 16719 16666 14320 786 4927 7178 
8465 14877 8538 11676 8918 
9759 7576 857 9428 
18748 10826 6923 4898 
10885 10194 17724 15333 2497 10450 12990 19668 15484 63 
15657 12992 13130 8105 
7976 14255 3787 11342 12226 15917 7007 8637 11164 1660 13055 3272 15652 14501 8683 7955 
4495 9705 18006 10183 8633 
10864 3587 12356 12974 1005 13994 13222 7977 10044 6235 13372 15342 4785 1851 2982 
878 8098 145 11418 
18984 12213 9162 5131 2671 9174 7862 6865 14963 10154 16570 
10738 12 499 9713 
11856 9791 17990 18303 12256 15249 2865 4022 5716 9776 
19176 12565 14800 14129 
4273 7595 
12301 12221 16458 4083 
19619 8484 8962 11104 12313 8905 3902 11974 5360 19410 13902 15275 14522 4799 14442 10334 15442 14193 16245 15805 2013 15043 1517 4606 9078 838 11407 8421 7612 19569 11666 142 1999 17591 7720 17129 18175 9222 15671 18536 18269 15393 398 5873 16143 5645 18465 1884 12295 15901 8026 14231 9861 4316 7983 8661 9249 13571 17361 3600 14141 6403 13064 16597 19955 10786 2255 15298 15234 922 4034 19664 12188 2634 17037 7302 16155 5 324 12056 8230 286 2234 6212 
8514 15809 10261 7482 7647 5343 8264 4363 8125 18486 17578 1290 6360 8682 7524 2683 506 19230 2643 16618 1002 1436 14302 11995 
17636 6178 1280 17865 19065 19822 16678 15548 5039 9918 12830 5981 17464 16894 15407 16210 17185 17020 586 7641 4300 4033 11507 11545 11336 3095 12717 5851 15171 7306 14990 5020 19653 7929 19323 
16379 3180 15804 5943 6838 10301 5051 17642 4159 8048 5676 2069 1278 12913 15662 14927 1003 91 6693 
813 13927 4832 2395 
9229 2196 7005 3120 
11781 12640 9684 14449 3367 18845 5078 4060 17133 16752 15633 17666 9026 7191 13858 16189 563 
5917 19688 8556 4829 10612 19342 11506 8355 5176 19565 4322 11492 8040 14287 6932 6618 17028 8498 5031 13114 
18700 10706 8300 3571 
15250 468 1561 7774 18350 19343 4806 6646 2858 16747 7987 19890 1393 17664 10883 16401 13 15960 4947 17275 12344 11319 14228 4297 9036 1108 15009 16178 16063 15238 1255 10980 3504 1733 9959 3836 16974 15473 6763 8459 8213 
9915 3680 4378 12584 4051 15155 18751 16230 19721 8051 7859 2778 13865 16944 990 4502 8016 11359 12013 14809 8062 14617 6972 7845 10470 13859 10613 5802 18714 10675 5708 10530 3855 16390 16718 969 
4596 493 6929 4566 19877 11651 1295 17790 14058 14233 1044 19089 5483 1263 7415 9271 4228 16562 
14721 11151 5691 19833 16680 
3653 13199 15036 4205 17052 16414 7571 1643 11366 811 4135 1705 
7642 1615 9212 8450 10475 11007 2965 704 11236 16182 16727 9198 15159 5856 1474 16056 18576 13887 7029 16574 19557 7421 269 4882 1115 3194 9100 
15455 16750 1189 2404 12585 12265 16284 2481 16717 11644 16842 3387 6513 8196 
19515 18316 5993 2663 4645 15323 5495 12543 5412 10322 15834 17097 2729 8842 2514 4352 19373 4543 10709 
18054 5086 5982 8520 1493 157 8909 18451 13742 9365 6791 5273 7067 663 11978 13998 19841 11844 2811 17775 11189 3671 2135 5383 12493 19858 1070 5362 19777 4895 19974 10804 19617 8491 3936 5312 6863 12303 10768 15590 17269 1440 1506 3880 18047 16363 13740 8183 15038 4266 9240 17135 2772 18957 1741 10995 11270 13502 8712 16277 10898 9744 8522 17461 18862 2306 14953 800 15571 16231 6665 15096 14633 11797 17669 742 9153 13607 18711 12225 14057 12815 4984 9698 6466 3332 2213 
3017 12408 2217 9557 3198 18963 3666 3450 1145 2049 9689 19507 57 19490 
1641 18632 4965 5421 5147 4465 793 2530 3358 7125 
13394 1796 18917 9085 7903 
13324 7182 19891 17034 2816 19341 64 4076 18602 8018 7261 12042 578 14748 18941 17048 5538 15806 784 10297 
14622 15977 1830 195 
14480 17815 9049 10914 
19954 571 6065 16073 992 16008 5577 15900 5390 9816 8443 16134 125 
121 11647 11850 17410 9858 
5555 2441 14545 16146 8976 15712 2581 5527 5944 7265 2981 11154 1749 2888 19816 18384 9325 9030 3733 16164 7246 14339 3890 2915 4739 14623 11622 1326 696 13883 5180 18028 17242 
3402 10135 19940 7725 17356 4128 17791 13848 2987 3242 18462 16780 3155 12914 8350 11628 11275 17667 10386 9182 6562 4592 5005 19004 4445 1109 10987 17417 8274 16067 4494 5338 2437 2690 12529 136 12886 13682 65 10807 3998 5428 2822 15985 10903 
11011 13479 2047 17191 3006 18052 8483 19432 2373 13296 11295 19190 977 18413 11203 796 17804 8738 7628 4643 1273 14826 16623 16380 3910 8316 19808 18265 1227 9590 19525 8345 872 16229 6984 7215 10368 376 11956 4195 19489 15477 3732 17310 3004 9888 19437 1211 15697 15587 17911 14047 12698 93 11131 9647 15220 15915 5855 12684 14500 2795 16615 2698 19352 12570 18301 5827 17479 14543 16662 9293 2606 12970 16123 9120 18669 16808 16101 1751 62 19689 12965 14093 11613 4973 15530 14850 19977 15488 12171 9867 5008 4312 12333 14934 11271 15103 12289 15792 8939 3711 13549 17621 2059 16741 5846 2284 613 18621 18801 6890 18065 5652 11386 18182 1901 14605 143 13819 16353 5809 1564 7152 11805 14565 10103 12412 8153 7021 13449 5066 16959 1364 6175 18990 19670 4049 868 117 801 17499 11017 18361 15759 13009 775 8398 5407 1798 11031 6957 6977 8874 1783 18311 14743 7659 9234 13075 584 7416 13593 8013 13896 6645 8731 11382 4252 1640 15183 17267 11851 1865 17432 7111 1584 1344 18372 13988 14237 18387 19733 17586 3775 2039 7330 16911 16410 12327 3854 18831 14677 4070 11631 17225 12777 15268 4401 13577 8320 7070 14950 10137 6057 4270 9686 13777 15330 18210 19441 9524 17749 9856 7433 16003 19695 10823 5056 13329 10720 18956 16603 11056 3102 5593 10130 12969 914 10430 18092 6753 19623 14788 15618 14223 15584 9322 14815 1396 13985 2163 12519 12940 1499 929 5639 7468 12208 3083 8795 771 11188 14155 18784 12473 12882 10815 13713 6351 2287 18865 5592 7738 12429 6657 511 12759 14053 5452 272 9394 17324 12499 8394 3673 1737 8628 1731 8088 10318 5403 3580 6256 17453 1403 19440 4945 11902 9664 3969 3405 6788 15927 8963 16736 13773 12624 6873 13297 6102 3744 9941 19318 10206 2378 6842 1191 5346 14128 15320 17639 18495 537 13849 18104 2958 4191 12458 212 12976 19611 3062 10473 15292 4090 18953 18769 19141 4193 18522 12657 9502 3041 18307 13808 1443 18617 9352 7606 8258 10749 14667 5130 2896 14016 19885 6727 14022 4203 10632 17908 6668 16763 19663 16423 7336 17509 17283 9991 2758 17065 6800 9894 18960 9314 13913 15344 15870 11522 4223 18034 16078 7042 7166 14425 17836 12677 11769 8946 12407 13186 11013 9363 15327 10799 920 2414 10303 6330 17534 3091 14284 15764 2073 10427 15537 17073 15405 3287 6814 433 19192 3426 14365 3639 17240 8408 10893 4740 9170 1562 8911 3606 15099 4452 6092 14494 15504 13447 15830 18803 4827 3973 16473 17505 7961 8184 16209 4594 12599 4355 4162 17207 978 9056 19396 12553 2842 12115 5857 16638 2453 4604 4512 2226 12255 8716 15812 9596 14398 7353 19764 9490 19413 7539 1654 10156 16893 10431 18773 2224 9415 9995 718 1916 6211 6344 14113 10385 14156 18020 11923 3957 9772 16891 3860 6398 6193 2114 17496 2544 19864 19780 5812 19725 15358 4833 3386 1000 6337 3874 11624 17202 13244 9046 5813 10310 19262 10773 10572 11085 14518 18378 6411 3513 6518 9228 14992 7347 3282 5090 13023 9045 4999 188 37 16703 13032 1634 10909 13312 2731 2002 7290 1220 4278 15928 17454 17516 14676 1314 9197 15767 5295 17743 6540 15076 9987 4857 11254 9668 4048 15700 7151 3307 17877 15612 7488 5239 3856 14267 13687 5742 15109 13303 18368 10606 15903 9886 19115 7788 3125 8721 18223 17366 12879 2413 3968 15556 16128 18789 12957 15625 12209 3967 8970 7875 6752 6460 12138 3437 5565 19207 13051 12336 6996 10540 17497 10121 12315 2913 13701 1974 11802 6651 11110 1128 17386 13611 8900 9522 10880 14868 19598 3991 12347 17047 7771 10219 3933 18396 16734 4698 11924 6511 12931 7625 7718 14439 1626 2768 17128 3767 12055 19348 1064 12116 3879 12176 11126 4006 17882 2067 19930 8822 6801 9747 5706 3134 12101 14020 1204 17151 5023 492 11012 8929 5159 17296 13147 30 12567 9707 9084 17148 12364 2925 163 6093 18118 5306 7052 7877 19462 5659 13755 13917 1146 1233 5206 1518 5098 6817 3464 16102 7957 11090 13423 16465 17942 14811 6076 3777 14964 11809 19827 9507 6895 3352 3213 18580 12728 18986 730 8150 1890 18144 8811 10143 10926 5951 11526 15345 5572 12446 4354 4675 514 1471 792 4327 18329 10703 19595 8462 3654 13697 1320 17900 651 6584 16746 8057 14064 17127 12219 7329 6995 12178 5544 7342 12824 19219 11867 14674 3082 17172 8187 6319 6891 17223 7649 5732 11223 12820 9315 9597 6683 5150 13380 6969 12066 19191 17838 18189 19330 15145 2566 12457 3999 12165 13678 13769 10027 17446 18314 6988 2893 17126 14952 12004 2180 14772 16579 6488 14817 8160 11498 14048 5070 1136 4728 5644 15289 8214 12513 11100 16988 16265 1153 18931 13836 14161 3424 9839 11015 4815 12480 8863 13924 18379 1530 5442 3646 7751 11625 381 694 11045 1043 361 16836 6947 16954 8224 4201 12285 464 12702 9368 13748 1415 15294 16198 4211 3679 11429 4770 13162 2707 7981 2498 12354 9300 15192 10848 12616 8066 9409 18916 842 5437 7807 19987 9919 18271 5361 10257 17211 18353 11445 2994 2317 12807 2613 7368 17813 19592 5653 17031 1067 12104 14308 12762 12166 11685 6081 10688 17102 5319 12052 13104 7567 12634 6136 15316 17617 795 14640 10541 13062 14104 3893 14283 1366 13537 8959 13307 14939 6534 4601 6247 8506 18216 2605 5394 2415 13028 18148 8488 16061 14764 14014 7669 14215 16070 15554 6036 13491 6028 449 8238 1962 10371 10085 5757 8446 2093 3560 17063 10633 631 1797 4023 7442 6644 8743 11620 7263 5684 18162 12033 9763 817 5569 14928 1664 14453 18354 13053 1614 15579 19787 14462 19310 7427 19756 4384 10753 4243 3586 11875 17123 3417 15265 3331 8760 5795 18439 11210 14619 1347 1924 3898 15583 2150 17500 4080 3232 14549 1777 9069 18346 7854 1420 6567 3601 14190 16826 18727 3308 17862 12067 4562 15426 7467 1168 16806 4949 1819 17158 12863 19426 9396 8978 17755 19366 5478 13363 7675 15225 5400 8348 1421 2998 8239 4589 13135 2714 221 12083 13419 11993 17676 6528 8693 16086 14167 6479 17179 4039 3408 19069 601 4262 13200 18518 17547 13189 8093 8824 1807 13813 17778 10677 8209 12725 17478 15475 681 10078 10432 11488 6741 3807 19793 3715 10535 6966 9359 4939 5258 4755 15206 10109 8325 823 7899 7408 16739 17709 15239 17912 8007 4555 16877 1339 11132 13481 19813 2272 15334 18493 215 2664 14392 9193 13177 14836 5724 11782 4441 11324 17084 11261 6674 5211 9227 6504 17717 13101 7462 16450 10595 1426 3441 15343 18741 16466 11120 3303 8437 231 9544 19066 10412 2379 15301 6844 5417 8185 191 6944 16899 15459 19145 17998 12111 5223 10820 4140 3200 8878 6438 17474 7817 5660 5270 10681 12994 8810 4564 7076 4389 14665 3664 14506 7298 5052 1308 18001 8923 8165 13457 3037 9095 7762 14979 12732 17896 9175 3439 8707 4227 4924 9848 10758 6812 3830 8362 12545 16392 6450 18352 14740 14865 13675 3884 1527 12582 6426 12603 11600 344 14007 16610 12308 6859 10645 1757 15307 19208 7808 6754 19834 15825 14277 9189 8809 19732 19287 8558 13100 16216 3535 3026 16572 2145 4124 16274 3956 15465 19189 8376 6576 15326 4520 17965 18945 14212 11813 15934 13146 18428 18746 6313 3810 3112 4294 2086 14432 13474 12335 12679 3060 18875 3593 19881 672 16578 8505 11109 10641 6738 8510 16839 2594 14092 981 11920 16124 17449 13337 11636 17874 1276 4861 2238 17396 10940 12087 3617 13747 8072 2972 10094 4404 18607 2384 11287 327 5425 9115 9884 14886 10892 11582 1418 8641 8400 12460 515 1004 16442 958 18022 5905 11915 19589 9506 5865 11075 11983 14671 11185 2263 12465 12689 18488 3780 18962 8149 10068 4758 15208 16358 14202 10781 18885 13237 18027 14577 17552 6849 13948 10029 8177 3197 12740 19195 15938 8804 12546 5704 8919 3132 983 19150 15987 15233 14915 84 18554 6889 14445 12294 2225 14174 3642 16312 16858 8928 4803 18348 13738 13487 3223 17060 2894 11208 19743 13801 11882 9923 13841 5566 16463 17950 14956 16844 16194 10367 7760 6938 6064 11472 12883 9000 19888 4671 7724 6145 8235 17003 8562 3589 18829 1808 4359 9769 1029 13517 16922 13705 6899 13176 8611 9455 17983 4468 7968 4960 1588 11967 2157 14359 3334 2189 11086 14830 19649 19678 9793 9797 14376 8977 13498 4690 13022 13343 14904 6571 19385 596 5656 1424 6005 679 16244 8338 
18164 16843 11315 6704 
7803 4431 3585 6701 18395 540 8079 7980 8277 15648 18124 14735 
3543 5580 9445 3297 7253 6994 13557 15695 11682 6658 5804 
12430 16647 15485 18721 12298 
16946 1099 13334 18213 17482 19845 15496 11762 7122 16626 19357 10824 12202 11928 7816 14900 
8606 9187 14544 11377 12683 7460 4733 5386 4226 2779 4508 12633 11865 3304 5879 15562 
15161 1965 8288 2281 19253 18323 7441 5797 7116 6940 559 15446 9969 4510 3719 2914 7646 5647 2434 474 8546 18131 10643 9726 19295 9221 3491 9930 7163 2766 6187 19631 17399 2424 18207 15134 6137 13340 6699 4105 2466 5680 7276 2976 8903 11788 19965 1179 17164 9158 5770 7177 10077 14227 17694 15836 1583 14236 10933 6063 11311 14942 13020 16023 8273 16016 127 14650 4100 15309 15742 16901 10680 
11960 7591 8618 13886 
10387 5845 1899 5512 14630 3262 2943 17175 8276 11611 12514 8229 7056 12224 1438 13164 2988 7908 19442 5774 18742 18088 16798 16420 10203 19949 13357 15377 5788 15692 10418 1327 7414 17276 3886 6736 19503 4337 7921 15787 7086 13158 4143 16263 8793 18236 8689 27 6882 
15658 16818 8942 8816 3647 4419 7941 11752 13165 10802 844 287 4477 17663 19509 18588 9171 10931 19512 10513 15572 17741 10333 11914 19763 2393 19981 13741 3248 4547 2108 9127 3276 4229 10904 18295 12416 15796 18529 19277 13152 1906 18123 7522 4371 2115 13161 6911 18898 7798 15072 5927 17876 11800 10422 16811 19084 19470 3140 14568 16927 10028 11917 12141 11568 2849 9290 759 15854 19933 8700 17549 2563 7869 14042 10138 909 13115 15006 8988 431 3764 13150 11806 8823 19244 14603 11446 3831 2343 12787 
18051 7034 5253 2967 19483 3885 7611 19894 9592 18133 11826 18959 11749 17243 18502 6481 19225 3058 19222 5624 8806 1488 2249 18549 3222 1059 3139 15878 4678 1111 11256 3151 6356 4367 
483 5044 9125 15706 7091 9137 6050 1372 1841 8892 10086 2950 8023 15735 4055 6345 10035 2653 14587 4686 9712 10324 18906 4385 12048 13278 14798 16025 10370 17413 1676 9274 13625 18649 18868 5460 17278 2383 2821 3825 873 543 12081 19345 6181 583 14773 13816 11469 9010 4985 18627 16604 6542 2775 13928 8662 149 17562 2457 8200 17750 14200 11246 13694 10878 3948 561 3648 16968 6767 17788 14108 15778 8813 4259 15980 10845 11331 2740 1909 13283 17852 19669 3735 13256 17561 2687 17645 15816 19992 18691 4866 6250 16048 18600 1972 7940 9988 1542 16851 12691 3398 4646 14143 457 18473 7687 5402 17903 253 4923 19772 14592 9449 12835 16815 1250 3451 9742 4485 13840 1026 311 17913 19712 7986 11789 972 12129 18980 4931 15010 18234 4381 8945 17752 12097 5347 13958 12571 10185 8888 18521 18478 5215 6949 12521 10678 12638 19521 6582 1006 16012 17923 18347 11663 11005 1659 12812 1265 8481 4585 4017 16905 432 19916 18292 13118 6029 16432 903 472 14914 16278 5607 8347 10839 18370 17163 8855 9382 19175 13370 6810 6480 19265 19313 6684 11621 9110 19293 6317 3667 7959 13631 13079 2830 10890 9774 12851 11790 4024 1318 18013 13690 11460 1579 14265 3195 4296 797 3838 2410 7589 14943 16064 18637 5808 4116 11195 19805 14188 8921 19985 12037 3681 982 12805 11021 14303 11510 294 13503 9348 1214 12779 6128 8615 18145 15882 7401 12660 2342 6263 1619 12850 10589 10457 14095 8100 13427 5190 6836 2567 10984 8748 5357 9406 5603 2818 7619 8090 10584 475 11880 17376 11009 19276 17459 17280 17504 8599 4764 6636 1135 17845 3348 15837 11333 18505 12492 11438 8396 2719 6307 15589 12345 17110 19275 8665 1279 5810 4044 580 12623 7326 18412 7423 8490 10170 12789 10188 14075 2276 4890 10391 17098 16502 16555 5878 2886 17009 5976 18060 2859 17630 15637 348 5536 12527 2937 16478 774 17934 4493 8996 9319 10442 10400 6858 863 16042 1550 1738 18533 965 17945 3790 6904 4871 11353 14296 1546 15317 6463 11650 1599 12050 12535 13467 1167 12739 1539 9082 16782 7311 8767 13494 2207 12591 1595 12557 12933 5268 14428 8260 9533 17976 3161 17660 11231 11300 7485 7470 1817 7699 19281 11496 2356 8407 3489 624 5122 8912 4328 13054 4342 11981 11654 13977 14925 13905 4701 17150 13590 2212 428 12647 5313 18543 12054 3156 11908 9993 10190 9253 6640 9025 8433 8672 17156 16196 17879 13310 12281 6494 8523 6429 13194 17814 14970 8096 1721 16191 9453 18709 1665 8352 371 14085 18056 10658 1572 16957 3847 15042 6739 11727 16176 16723 3389 18993 13415 3829 18611 10205 7272 10520 17692 16995 14930 10922 4551 13390 3930 15471 19908 19715 8152 3851 2024 19435 10510 14751 6023 9190 6378 9362 949 9239 9002 17170 18012 18063 5017 13551 3804 4615 4975 6631 1042 15401 10105 1113 16949 5582 9491 14997 16707 3524 10744 17220 10877 5816 3742 8332 9226 19005 12502 16744 19217 5294 9588 4738 3247 2001 12076 10335 4169 4556 15715 4795 14044 2855 7388 1544 9268 14599 1600 6970 10284 1672 5356 6501 3292 11815 7072 1071 7204 3371 798 6006 14385 14446 16270 17954 7291 8825 15032 16896 1051 6194 2812 11670 9518 8330 5245 10351 11992 17495 4730 12746 5768 2183 7465 11308 11441 14708 9645 13174 10061 16622 10859 1979 16916 6088 16360 4613 15138 11557 17336 8471 12357 9803 19990 9750 12735 17070 4986 6138 14066 8973 465 13702 4762 17109 19947 6395 17511 17252 1237 5311 1717 9126 4206 16938 3565 189 9404 19401 11170 16677 15293 7737 14689 8472 3133 14388 17523 15598 15498 10347 11097 17078 6346 12212 16653 2903 4399 1300 13944 1096 19637 1982 15710 8432 4802 4451 671 2239 13548 16942 16407 8910 9473 11855 19102 9540 10542 4081 1385 9658 9057 8220 312 12061 14761 1041 
12062 9136 10895 17830 12211 10353 13025 4705 17468 2774 15650 4331 4617 6084 
12377 11049 2817 19963 12193 15820 12971 10840 6590 2932 16641 15305 1068 14962 16434 13677 15435 17579 16129 4286 17452 8645 16167 933 4089 574 6115 412 3526 16535 9389 11118 6575 9402 3052 28 3517 8819 13071 6243 12355 
19741 5912 10857 12811 4125 10037 12452 11190 567 2017 1549 16090 14516 1950 5308 394 6467 12577 1076 15574 7019 8940 2345 3182 10482 1469 6387 545 5829 16928 18966 19169 10266 18308 13908 8429 16180 17362 9692 17746 3598 3693 
12665 12039 2469 2835 6087 1726 12240 14476 551 2261 15169 10153 9720 1331 14163 17606 
14322 17488 5026 17226 10970 12699 12143 7283 18364 11238 17023 5533 9020 8692 8059 19228 4277 16249 2462 17800 3111 18528 19876 1119 1138 11742 15481 18647 13587 2488 16492 13468 6745 17033 630 1510 18527 6850 2595 
18635 11379 16183 2681 18672 15983 689 3168 10081 13270 6529 
16382 4406 2676 15611 1483 11200 12400 2669 18459 16022 5436 7623 10064 15197 15795 1240 4659 273 7059 293 17580 14658 19770 2174 5260 11215 18586 18840 10414 6538 5144 9302 16825 4689 8014 14749 522 11269 7995 
14077 883 15640 6574 4029 
4175 16676 13925 4097 202 18196 236 12723 2311 14397 11581 15971 9724 4521 4007 13862 19593 5984 18888 
10545 1759 2005 17878 8181 
12120 13942 9599 14778 714 1500 15529 16206 14796 6422 11523 14363 1313 2980 6281 8009 8669 13217 6365 113 17607 2181 14491 19000 
15908 2018 10299 3077 
8555 18398 2429 6431 
6266 16953 14067 16620 8590 19887 2092 298 15182 18286 14698 2095 9859 16694 579 5961 19246 10581 16108 16445 4486 
6615 7238 19590 9674 15680 15691 9531 2332 2222 3627 11391 2867 503 16607 383 3705 8451 466 
18579 3267 12021 19807 5578 10021 17208 16791 19644 3739 3261 18788 1381 12287 17661 
4042 11515 19568 13550 19989 17719 6144 7378 8867 281 9438 18087 14275 
13353 19186 18235 6787 16705 18282 9188 9032 4263 11836 12630 10050 
12098 9015 2539 11237 8141 15228 3221 15690 18538 4287 7232 10082 9423 5920 
19306 17030 18679 1293 
16202 14520 4962 10218 19314 
10676 2229 12210 13269 14790 2997 7913 13873 14852 14138 15874 1038 9650 9223 19879 4397 626 10741 16820 7023 5983 3293 13552 15897 2769 5339 12803 4834 11476 2420 6375 2641 7225 4267 19658 3320 3534 1490 2689 6227 14197 9946 7590 4407 7192 
10000 14921 6720 11599 5730 
16171 5241 15800 7223 17993 9820 17487 2297 14351 18754 18138 9156 373 4775 15599 18936 8158 12249 10186 18726 1035 2279 18230 18628 17641 3461 13402 519 13413 5097 5335 12917 18208 4467 15734 13798 
2223 16921 10420 16250 1680 2467 14456 18426 10202 4247 8515 9478 10252 17635 4414 
18159 8547 14164 11249 11872 16636 9146 15563 13339 4276 19139 
8061 14741 15369 12235 
6095 5198 19645 834 9721 10358 13049 14429 14294 5839 2431 10279 3109 3174 19194 10666 4810 15675 11241 6007 10468 4027 15081 16595 11589 5507 1416 14328 10754 3846 853 18181 7876 17229 16136 16074 17237 4127 11310 14457 16582 9383 8828 7338 19259 5504 1101 15041 5337 5532 1558 18114 11576 7459 17898 173 15218 3188 10341 8388 13736 11701 10588 3383 15191 10169 10599 8568 18356 5973 16037 11909 10851 13935 13472 17949 10288 4469 803 16849 17443 10132 8206 7732 480 15966 5633 13478 9528 8930 12009 16923 9463 13663 6320 14584 
902 500 5261 13094 14657 
17075 16437 16135 17365 
6992 15948 15988 12786 11108 3167 8467 4299 1494 18204 4028 5142 1693 
2335 3084 6993 9021 15421 17756 2074 419 9784 14507 
1537 6737 2991 11080 
19199 13654 16908 8952 3415 9311 19327 6566 9903 14206 4470 1646 1776 6225 19905 18608 359 7210 10687 2142 10225 5058 13433 7999 15860 11554 12363 1389 1627 
3251 8761 12498 17995 16945 18298 9801 13475 3552 19761 16088 12675 10423 18654 10585 12291 4392 9635 11493 12022 5298 2120 11922 12774 6870 9815 9618 5060 8870 19080 15646 12982 5625 10663 8410 4391 11065 8790 141 1886 17235 13770 7271 16165 8735 15420 12431 6934 16173 16671 12486 5766 11604 15952 14165 18634 16602 19737 
13871 19058 18130 4783 10557 13238 18976 6043 17287 3788 
11369 4788 17257 18934 5671 6550 17560 17532 510 16204 19258 4597 279 11528 3734 8650 8094 15281 4719 7935 69 18515 3268 19857 15514 9563 14403 4488 16297 
19962 8647 6515 2245 18664 8600 15848 10708 15457 12441 18947 19187 11332 10710 14742 9011 10787 15898 7398 12326 6564 16540 14580 8896 4602 15654 3466 2941 6662 19165 5967 8737 11878 19469 11312 2000 10704 13299 11378 16109 10761 5617 18445 14220 7937 
13824 18165 6486 2685 19298 5672 17689 8596 10577 2058 17883 14947 2122 9232 13962 17693 8280 12007 10246 9166 6897 18423 13817 2636 5451 2526 13359 5359 7190 18095 10223 4396 5173 9546 6872 13554 12639 11962 4830 13563 14819 5175 3473 4122 4412 6730 18606 18107 5750 
17780 2548 12135 12402 7743 7540 818 13137 11119 12456 12872 1010 3493 11919 
5004 14613 10969 19538 
5033 3541 18517 754 14958 14684 19170 2439 518 7139 
13743 9775 5968 16904 
6955 19559 14598 2084 1715 11616 9304 15163 2989 7255 19119 319 17890 10065 11053 791 16997 6020 706 8234 8356 2527 14472 15760 2170 15024 12562 2124 4581 4329 8882 16404 6687 12454 12588 3962 17337 12065 13163 19767 12106 16251 9414 11385 14335 6202 708 13362 12305 6987 10283 19149 11733 15730 7856 12846 664 26 10255 5833 8372 2088 11757 8262 2947 3771 7452 14412 2901 9909 4761 18344 14983 4246 4558 9103 7884 9342 8392 18206 10032 4462 6980 5919 19855 14881 16309 2021 18520 17994 14189 5753 8458 15181 14150 10066 2852 4109 12573 2679 1370 17608 3864 9537 4569 15318 5414 830 
15086 15743 8935 15397 9047 1977 6442 9295 15604 12612 
3625 12161 15259 12088 
695 15949 10074 5882 13271 12769 9986 10172 17313 14530 12750 17916 13221 1900 10512 12853 3164 11314 5835 13669 13061 15203 10547 9731 13015 4214 4264 16065 6110 
5895 1547 19444 5819 
18540 10477 2741 9526 9278 5637 16329 3266 14744 8958 13428 68 17807 16784 2629 8831 8341 1398 2576 642 2167 11990 17294 7637 16991 19480 3328 9346 19979 13641 11415 12632 18371 19497 6876 8370 9516 10240 1968 3327 10509 9499 12203 16141 2749 4320 8036 8000 11740 8551 8876 4992 7359 18926 8460 12788 11612 16117 1713 6696 2262 18731 10915 15766 16725 14 15005 11989 6082 19899 13347 13931 14013 19041 14493 17880 10556 8203 19757 19527 5508 12413 17537 4623 1291 16467 12469 17166 13241 
11556 6580 8747 17902 14707 453 3507 5930 15425 3025 4063 12216 17850 5701 
2843 15950 2209 14895 5092 16103 5939 13245 6204 6821 14185 15838 16419 15423 2939 3701 17960 8788 7026 10149 10268 2647 19220 2801 10409 7303 16890 2668 8836 
12444 7211 14355 5909 4972 19555 16490 8543 6435 13072 18662 
19752 11558 6931 10247 6066 13531 9437 17022 3432 17584 9794 
4079 14101 15448 3772 
11699 14349 3000 18146 6291 4524 17071 19995 18458 15104 12893 851 9578 6303 6048 7898 15518 7474 16848 
13532 12142 19613 2436 11716 
481 15310 15141 16279 7532 11619 4978 6757 1215 11150 
8612 1072 10212 12505 15757 13066 487 12945 15688 16785 6253 2111 19784 7705 16359 19929 12959 2557 5076 18000 16052 4021 2730 7369 11614 13369 6248 3811 1446 252 15474 4929 8317 19953 3118 19109 1450 9433 15263 7282 17046 2159 246 
1091 5931 6045 2568 229 9081 12187 15067 16649 1491 5911 12921 8734 7080 2556 12804 7392 8621 13354 5918 
2798 12676 8012 13442 
15672 19627 18919 967 3465 10098 14087 18461 10467 4443 13125 18480 11384 17494 17792 
10538 12771 5584 10413 2283 11935 11724 13261 16002 14226 2860 17422 13803 12842 13930 16119 12257 13126 3553 
16116 10701 1195 14260 12254 5860 19450 5965 11027 5188 18139 16474 6688 9651 18129 2534 
7014 10456 1077 5184 4244 17067 7284 16882 1674 17696 17099 7310 8225 18080 16239 2231 3685 5275 4595 1373 2701 9134 1781 
9935 3175 9568 14435 19531 11680 8174 10163 18670 8710 19666 
18390 8271 5621 11039 
10302 17622 151 10018 
9172 3116 3913 9904 6010 
19838 9080 18186 4979 18818 5205 12487 3959 13450 424 5434 18620 47 1690 4578 1152 16255 19203 7106 1160 9985 727 4003 9880 13120 8567 17973 19915 7691 15947 11464 1611 3033 1897 10930 8065 4938 9569 14649 4769 17266 10211 9690 15028 11214 18257 12966 14513 11840 8294 13522 8295 8653 19068 17368 6298 17111 6314 13234 19301 15362 15247 9656 4967 19790 7506 9846 6203 3820 2661 13589 11155 8457 15429 11610 19405 7511 13619 17424 2839 13034 3743 17040 6224 9829 8323 17214 8560 7317 17686 16188 18830 906 7630 2954 1602 2273 9246 7704 14285 10752 7308 10160 14949 7083 2198 6097 18359 2484 17643 4283 5587 4934 16160 9224 18476 10515 3784 4043 16057 3341 17051 2735 12392 7860 7008 18858 3782 9627 19724 16436 4936 12461 3797 11521 2734 15376 5093 15127 12140 18881 18126 19582 8461 4046 1130 10552 18466 7477 15970 2418 210 8489 2278 11942 12531 4254 1182 2536 4916 16015 15614 1169 4518 18309 9339 6394 7991 13768 460 643 15119 3243 7195 4117 4082 6864 5719 3873 14251 2733 15313 16112 18886 7703 880 15729 13086 6997 8 9107 7588 4668 19823 14261 16225 13127 4370 726 12169 13083 5011 14887 7922 16286 16030 757 4571 6014 6255 12554 5458 8476 12151 458 12466 19180 10403 822 8035 6343 7053 15962 9517 8821 12641 7196 18666 16508 18785 14098 4554 10449 13470 11375 11296 13300 5474 10362 8070 3056 134 11899 1914 19543 3610 9655 17416 6530 9582 15644 14068 14122 18036 16876 15008 19884 14935 19609 77 6032 14615 11168 70 1535 7717 15125 13689 7424 4863 4219 372 9992 18567 207 14291 17518 3660 12721 520 15982 11731 4612 15747 8598 17404 15506 9551 4237 5484 18921 16643 4476 3983 4505 18896 11764 17984 14719 2237 19237 2387 10051 8130 16470 14725 12961 454 8779 4906 14463 2814 4869 6174 5954 15083 16028 16657 19677 15385 5559 8219 874 7003 5657 9112 17855 9106 9281 697 18693 10986 18097 1885 3623 14001 14768 5263 13122 16439 6565 14929 6583 10200 1742 16883 17101 1961 4078 7735 2797 5822 6459 13346 14554 13854 14418 15468 19546 17858 3897 4704 1714 16835 13445 11052 18811 4702 19077 7447 8666 5025 11388 5464 2193 16441 15146 11925 10349 18261 17363 19606 4424 3152 3476 15466 13759 160 532 1011 1687 6022 12379 18029 5152 9443 11420 17470 440 9324 13288 1937 18737 16668 19372 16580 3123 13722 10238 9135 3458 10702 13541 2788 3484 16966 14538 12036 19024 17619 16803 15728 16674 128 11408 7613 14730 18563 9718 16140 12068 9807 3097 8644 8188 10411 7545 19468 
11102 11593 19154 19023 5030 9565 15951 15350 19029 18547 15255 17860 6502 16648 2783 1882 12113 12609 4446 9768 6600 16789 18111 5293 16656 14854 9653 16120 1303 6825 14961 2682 8314 16385 6468 8292 17131 12979 5085 5089 12943 1983 5358 17457 11099 4345 
2934 2879 9583 18411 
106 2648 13543 13523 2370 8527 18468 3716 15135 3574 66 11750 17374 14856 552 2369 523 19675 8311 944 3362 1495 10108 6405 12292 15077 435 19284 1457 18258 5178 19854 10197 
14023 2959 18910 7110 15937 
1185 17656 9931 9451 
16381 9810 15659 5006 8290 19863 12399 2475 4115 16077 2101 7077 12648 9263 19032 3872 17421 
2642 2235 13668 3868 1427 8865 19514 9395 15272 18039 18358 3394 3869 15815 17154 
15150 4877 1724 129 7199 15703 17427 7088 5817 18820 15252 19614 3485 12615 
5688 12993 7060 2659 2652 12228 1888 2760 12468 15594 4516 9722 9622 12795 4525 17588 
19585 19556 15576 7561 10525 14745 17456 2575 5744 2684 14293 14816 3866 15361 10447 1264 12791 10139 3502 19968 9337 11645 15387 11903 15992 1504 1329 1920 14846 11783 
17544 12808 18599 15280 13730 
1827 7025 4661 10874 1653 18357 8436 7363 7615 18603 9235 3446 16779 
11125 7443 14084 5549 1867 6400 3224 5834 14909 12866 8195 12049 11842 4333 11812 11028 13138 8190 15374 6031 3471 12278 11885 10737 9519 6837 11696 13644 19461 12419 2309 2875 18938 1437 11348 7537 14795 19116 17477 18273 3817 
19365 7475 1533 8904 18021 16556 5763 10911 10395 18807 3399 14074 7242 19107 8122 10519 18194 8553 13006 18844 6096 2264 
11268 5110 18524 10907 
8893 5790 9589 11079 14902 19973 104 687 7453 2928 6497 7609 8442 19540 928 16013 2485 8497 
14114 14292 1799 5516 11199 13534 9870 16342 16633 19937 
11443 13483 13187 2591 4163 13156 5969 2340 12182 3036 3658 11116 18673 6554 15705 11284 3688 2657 2827 10222 7915 4989 15567 15047 11837 14503 16447 8306 18222 8740 1703 3691 1013 3075 9374 370 2538 16179 16316 15297 4616 3901 15396 15123 17512 5543 
3492 5342 5065 3659 
15708 14782 10571 16091 6557 11971 19575 3392 4888 14509 7099 10951 19283 13691 19506 9262 313 9984 8243 8272 15066 8404 14354 9715 15943 11659 12703 13560 12651 1678 19100 18089 17213 19942 4472 17174 11980 3192 1121 599 1512 10491 19270 3359 5067 14948 18551 13421 233 17444 1219 5221 14112 7536 12378 10221 17640 16321 4050 15051 2837 3302 9587 7521 9381 13280 9819 538 17989 7664 1080 19586 4340 19941 11532 13085 16700 4921 17407 
806 6444 2152 12183 15209 10307 5151 15244 3335 14731 2043 18105 9150 1555 12600 17826 1439 13293 5861 5282 8397 7006 11491 8697 6001 11539 13388 3530 7143 5889 13021 15207 8680 19083 6040 11747 18467 10089 13400 14899 9442 290 4747 15184 16328 10531 14279 14102 15539 
10057 19801 16361 1766 7352 8651 19909 11153 19103 18512 15065 7700 3544 14119 13109 9737 1058 1995 19321 15456 14611 4919 19696 3696 
1942 16932 15732 650 3278 17605 18278 13024 15990 4579 641 14591 743 17081 9966 14301 18177 678 14216 3042 
10817 18454 19980 4910 
11723 1142 1374 7964 4748 
10507 3092 4310 10496 17740 6573 5113 15685 16219 13791 14416 18730 1688 11861 19745 15862 8063 11158 8326 19529 8774 7089 5081 13595 16362 2253 1451 2929 8617 19351 17856 11838 8425 11706 13556 
16748 13351 19349 5723 7208 
12059 1767 15085 132 11531 4149 9773 1401 18684 15797 19739 
15944 17400 10147 9164 5197 10390 3575 17042 18736 850 6352 18781 1734 12614 3142 12436 11958 
13827 7778 7585 14364 6642 9753 10696 14386 699 14785 13863 14177 8445 10764 10002 1433 1423 18757 17458 19201 15877 3582 2202 
12626 1170 8422 3986 17177 13907 10989 14703 4110 3944 17834 776 5550 5480 9511 15502 13333 14685 4001 4015 17238 13888 5901 13524 16552 7728 17677 17650 11176 18155 3919 12268 4734 6358 14926 3721 12864 16228 10245 4688 13377 13814 19256 4215 5120 19624 368 5391 2156 12942 6304 17429 7759 2252 11220 5249 2851 14382 240 14931 507 15568 20 747 13661 13918 513 13562 17222 2592 533 3259 5994 9018 9579 15513 206 9350 9659 7839 19110 12215 17704 8968 10472 427 13695 7370 13042 14276 12371 13599 603 6976 8784 14131 11169 3635 19331 14876 11529 15907 2838 13190 11144 18566 5012 13412 4231 14535 17247 7133 11485 3381 13615 9708 16665 6069 6953 1750 895 4131 956 1359 8589 10181 6495 16047 16259 2105 1210 17739 2322 7952 12834 4649 10289 8663 5054 19414 11401 13643 6278 9543 14323 13465 16788 7016 7714 12871 17921 8755 15058 8017 17842 604 8304 16989 13875 10600 7038 2136 1575 16983 7 6964 9472 11954 14502 7910 3881 10649 8064 18007 5818 15575 7456 4714 1795 4559 15360 17697 12643 9062 17819 897 12753 17637 18135 7256 10481 19574 11711 4849 6617 7933 3444 15918 2516 18905 8891 6105 13996 11066 18085 1173 18887 3416 4842 8936 6402 308 9606 7716 15186 9703 14379 17893 7994 8399 988 14595 15739 19814 13906 5057 4174 1 5618 6533 3069 264 17646 15391 9845 15701 1161 15229 2791 3299 1870 2688 16257 12060 2876 16166 12085 6973 16262 8941 5277 16260 2721 2326 2602 12814 6008 19931 10910 1082 5459 10415 2578 6956 1057 18561 4981 18232 1334 17753 16682 5892 657 8868 4706 19819 7721 6732 7487 8136 2408 11732 5608 9577 19927 7454 19031 10971 437 13082 14746 9912 18171 444 18508 14208 911 4421 6272 5222 18509 1828 4708 16014 16980 769 10570 12238 124 17918 4957 
5998 1001 8246 19788 13662 1711 6839 19206 13999 18618 11461 4196 3556 2672 12910 
7847 16721 1186 11817 18385 2590 2620 7285 19458 2099 17922 
330 15639 13584 15839 
2425 111 16631 14527 10117 13518 2500 3520 8386 9798 
12362 11082 13464 9586 3369 8173 2138 11411 17623 18016 19418 18704 4253 
9192 11635 6898 12411 13553 18294 11409 19082 9328 13393 12870 5751 
19014 5445 11129 3098 3736 11048 19744 2728 1301 17581 19033 11088 741 11194 9957 8339 13716 2109 11775 4713 7078 7527 8387 3217 17737 876 17305 14318 
12782 10157 9851 4791 14556 17200 4725 19875 4700 14372 12742 12250 15534 9617 11320 17820 15412 13229 14736 17928 5323 15749 7100 6161 7109 15464 1125 2324 3064 7587 4041 13466 7607 11367 13038 11756 9241 9630 7334 17008 2349 101 19238 13621 17870 18421 19112 9330 2134 8957 277 12950 6188 10463 18933 12526 16600 3187 4843 8609 5107 14305 804 15269 13647 14391 9024 
2228 15176 18331 6570 13507 
1764 16207 11999 19459 3445 15254 12386 12541 625 19566 12418 11083 19064 15783 7651 19216 13708 11096 16577 8769 13172 414 8582 9770 16283 15535 8862 8983 11175 13417 14195 13891 13488 19427 14324 14011 17375 16034 11577 2137 6663 6556 19804 13807 11123 10116 17371 16630 898 
2546 7444 10357 1918 6816 5409 8725 14272 14031 18260 
4096 16169 14670 7422 11772 
18810 331 1951 19554 11584 18681 14300 16834 14393 4427 5848 19303 10142 
6111 16320 2056 11484 8005 1543 19825 13136 3518 7512 995 4647 6601 2416 12784 17867 5073 19015 3911 119 2479 13017 18134 13012 9392 14018 9889 17282 18199 10230 19548 1590 5071 15050 14134 5195 
5747 18639 1323 856 14528 
6990 7340 8844 2302 8629 10831 1694 5921 11639 14123 16357 10544 7267 4990 13782 12474 18336 
2357 7890 13909 6728 13867 17379 9719 13971 3364 11068 
