34 41 25 54 44 36 51 50 45 26 44 
26 
40 31 44 28 30 55 49 39 39 47 51 
49 
29 
26 46 51 36 29 31 45 26 50 49 38 41 39 58 36 35 27 67 61 35 64 54 28 25 53 61 58 32 32 43 26 37 41 59 40 37 25 25 36 32 25 49 44 
40 28 45 42 39 51 26 54 
44 53 36 
47 25 34 35 55 55 46 53 
44 
50 42 38 39 30 27 27 29 52 29 46 51 36 54 52 26 53 36 31 54 39 46 46 39 44 51 50 38 38 25 26 28 27 52 50 34 59 49 41 43 28 47 38 
60 47 38 
38 
45 28 48 48 26 41 38 40 42 39 40 31 59 31 44 29 42 26 33 25 48 31 
25 54 30 42 55 32 43 46 
38 25 38 41 27 58 48 57 49 48 47 43 36 
40 34 56 53 42 58 28 25 33 39 41 33 39 29 37 35 39 
52 52 50 31 39 25 
38 
54 38 35 36 56 27 33 35 
25 
42 30 35 44 52 50 25 34 42 53 25 39 44 36 52 44 47 52 27 26 35 56 42 48 47 27 58 50 38 38 27 51 27 38 67 33 27 45 32 54 53 26 44 
32 43 52 32 39 41 
50 45 31 61 45 51 27 50 49 30 29 32 36 46 35 45 27 
41 54 46 
33 
26 25 27 25 50 51 54 45 46 38 30 59 27 52 63 39 57 43 58 56 37 30 31 49 32 41 31 53 59 46 38 56 38 51 33 52 37 36 56 46 40 40 33 
46 46 39 36 50 33 
33 35 34 52 25 42 46 33 43 47 47 
58 48 43 26 30 37 47 34 
26 55 30 
37 56 44 45 27 51 45 25 
56 34 41 43 54 45 
44 31 29 45 54 35 30 54 54 25 27 47 38 
54 
28 31 38 54 50 53 
29 25 53 34 59 44 56 27 53 56 32 27 55 45 25 48 48 33 41 39 55 39 37 35 52 27 54 60 53 35 36 34 35 41 37 46 39 53 50 56 36 49 50 41 39 26 51 47 30 30 51 33 43 37 32 53 
31 
40 
28 37 32 54 52 27 45 59 42 40 33 28 38 
65 38 29 33 32 30 26 25 
40 40 28 44 54 53 
36 26 36 41 65 47 40 47 40 44 52 
25 53 58 37 54 44 53 26 43 37 27 27 59 39 33 63 29 28 54 30 59 54 54 40 27 35 34 41 47 33 50 44 50 26 44 46 46 54 31 36 54 32 44 
28 49 30 44 46 32 
28 29 46 54 45 53 31 64 44 29 29 40 48 29 47 34 53 
46 32 
35 
59 48 37 
47 
44 56 34 58 55 54 39 35 46 38 44 31 51 52 33 66 32 58 34 57 36 43 42 29 54 50 43 42 52 34 49 41 44 25 49 52 61 39 37 28 58 37 30 49 56 46 25 37 34 60 37 29 36 61 42 34 
26 27 53 53 42 29 
44 31 51 46 36 41 53 50 35 59 57 40 40 
41 53 53 
52 45 54 32 53 31 52 29 26 35 44 39 33 34 59 57 29 
36 40 65 34 29 28 34 57 33 35 38 
42 59 26 
50 37 30 30 39 41 45 28 32 26 32 
57 
50 43 58 36 50 49 47 56 54 37 31 53 56 
65 30 53 33 48 44 49 43 
53 58 54 34 41 36 32 29 
49 31 30 32 31 27 45 51 32 51 55 34 34 
30 37 30 56 38 36 48 57 55 30 42 50 29 37 25 51 33 47 28 50 46 35 
34 
34 67 42 
45 31 28 53 57 38 52 59 
28 43 49 48 54 38 45 51 42 47 47 38 64 26 62 45 36 
28 41 39 31 44 56 
32 39 39 31 52 44 
45 54 44 
51 34 35 40 49 38 
44 
29 45 43 37 26 56 45 35 28 29 28 
56 34 46 34 49 38 27 27 34 27 29 59 59 27 49 39 38 
32 28 27 
46 
31 
54 
38 
47 30 39 
42 
31 56 45 42 26 49 38 44 37 41 25 
29 
58 43 32 46 33 56 45 35 31 49 50 55 38 38 31 50 47 
53 
66 28 45 30 47 49 50 47 50 44 32 25 59 34 35 30 39 34 30 31 46 41 52 54 43 32 44 58 45 29 31 43 28 48 47 55 57 35 51 59 28 57 46 
26 41 54 67 27 37 40 57 
49 53 39 
38 58 40 37 30 35 
46 57 32 54 26 66 36 36 43 41 52 
36 
46 53 26 
50 49 40 46 58 49 44 48 42 45 36 
40 73 27 26 47 27 29 35 38 27 37 25 36 56 30 41 40 
28 44 41 25 42 49 48 54 57 46 38 38 38 37 45 27 28 46 32 51 54 53 54 48 48 66 47 26 43 27 52 57 26 27 30 33 42 45 52 25 44 31 41 
28 55 42 51 46 29 52 50 31 42 33 27 25 27 55 30 43 
53 
43 
50 
29 55 37 31 51 53 28 55 
31 
32 33 37 
37 
50 
54 26 36 47 52 71 
63 
39 42 52 36 36 43 
42 39 33 
33 38 51 42 51 69 
41 
54 
37 36 40 39 25 34 49 29 26 30 30 42 50 42 44 47 34 44 51 54 48 49 59 61 27 26 45 58 42 65 39 46 27 53 31 37 45 31 33 42 53 28 59 
55 33 34 28 59 33 44 47 
31 27 46 33 45 28 32 41 25 28 40 
28 45 44 27 66 41 
34 50 34 33 58 59 56 30 35 54 66 33 41 33 34 32 33 37 29 49 34 26 
46 
47 
34 
33 27 44 44 37 45 25 37 42 48 45 47 49 51 33 57 54 
58 
44 30 27 26 50 28 44 41 40 45 35 32 48 55 28 40 49 55 54 37 44 33 54 47 25 32 42 42 34 39 36 49 40 43 52 36 34 46 39 53 55 39 33 31 43 63 54 28 47 37 53 56 39 43 28 27 
28 47 46 42 29 25 34 53 32 49 42 53 68 28 57 35 51 
32 48 53 
28 66 43 47 31 31 34 34 27 49 52 46 45 
48 28 39 34 48 44 25 38 50 38 38 27 68 30 38 45 51 39 54 53 43 53 
33 
67 29 37 52 31 47 39 45 
32 
36 
57 26 33 46 29 37 53 28 
25 
58 32 35 39 47 31 43 38 39 58 48 47 35 33 31 35 46 
48 
41 32 52 56 29 41 41 59 39 44 30 28 48 49 53 32 38 
38 28 38 
31 59 33 
26 53 51 51 53 36 
46 27 43 49 44 34 27 27 57 40 43 30 53 51 26 49 36 
38 42 41 34 43 64 42 31 41 34 41 49 35 54 54 47 48 36 30 47 43 27 37 47 41 27 30 38 58 37 63 47 68 36 39 57 48 37 27 27 48 43 59 
47 
54 37 74 45 31 36 29 28 37 37 53 40 33 46 48 39 31 35 31 33 31 25 61 48 50 28 47 43 32 43 29 48 38 54 54 39 48 54 32 33 37 59 31 
43 
36 44 48 57 59 30 33 57 32 51 25 
26 
38 31 44 31 30 34 35 33 50 37 31 40 38 30 49 52 37 33 27 36 53 57 
36 
27 56 26 47 43 46 
56 53 33 29 52 50 45 38 
39 
29 38 31 55 27 28 59 34 53 36 41 30 27 44 54 26 49 33 50 27 56 31 44 40 47 41 27 57 49 42 48 
46 
39 
30 
41 
29 
31 25 31 
47 39 43 67 26 62 40 34 58 43 37 34 42 49 39 32 28 
43 52 36 37 54 44 
51 38 36 37 55 42 
37 25 31 
29 
39 45 49 42 29 47 53 44 25 38 39 27 35 25 38 43 47 51 47 51 50 33 54 35 30 40 26 48 59 35 28 33 39 51 46 51 37 25 25 31 42 39 34 
33 
51 
36 
27 
34 35 59 67 40 27 39 39 28 32 33 47 49 31 38 33 56 
28 28 25 
31 
57 32 34 45 54 58 30 41 55 45 41 
35 42 48 29 48 49 42 50 41 27 60 
49 27 26 
32 51 51 37 34 52 
45 46 32 32 33 38 47 52 42 38 40 
31 
27 37 37 27 41 46 43 51 29 58 39 41 28 
41 35 57 31 58 57 46 30 25 59 53 32 53 
29 
27 31 52 42 41 33 51 36 27 42 33 35 53 47 32 29 37 50 56 36 66 59 52 38 36 54 49 37 50 50 48 
25 32 54 44 49 30 27 51 44 29 36 53 46 42 61 36 35 39 27 55 38 28 
30 50 35 30 27 27 
29 36 58 56 30 29 38 27 49 51 38 
47 39 32 
58 
31 32 43 41 40 57 49 51 
37 
26 33 29 27 40 53 35 59 47 52 38 35 36 55 37 50 45 
39 58 44 46 51 49 38 37 31 29 34 25 56 51 33 42 49 
48 33 52 57 36 43 55 54 41 49 50 44 48 31 36 36 28 25 49 54 56 30 53 29 42 48 58 49 40 37 40 59 58 42 35 25 28 34 42 54 31 26 38 
51 27 39 43 52 35 56 30 52 40 41 28 54 33 38 41 42 
53 27 31 42 38 43 27 54 52 27 44 
50 
32 
40 
29 30 27 
50 52 45 
32 50 30 51 40 43 
32 
30 30 39 45 50 40 35 55 
50 50 45 53 45 47 55 47 50 27 33 
47 
35 45 25 
44 27 30 28 38 34 47 33 37 46 42 30 31 31 30 45 56 
40 31 63 
35 
37 37 45 
29 53 52 49 33 45 
35 
42 
67 25 40 31 28 40 41 49 32 50 36 31 39 30 34 40 52 51 27 38 25 46 
30 50 47 40 30 33 28 31 31 41 40 47 31 
42 52 30 
45 42 53 25 54 33 33 33 59 39 51 37 37 33 52 34 32 58 34 50 33 46 38 47 57 37 44 36 54 43 47 
27 29 47 25 56 41 38 34 27 27 47 
46 57 27 51 46 36 36 41 41 45 54 26 59 
52 51 35 
25 
36 28 51 
36 29 44 39 49 33 
30 
52 36 45 50 30 31 52 43 27 48 32 35 46 36 42 51 41 28 32 53 32 25 44 44 35 29 26 27 34 34 50 
52 
53 33 39 25 30 34 41 29 31 58 47 
58 41 53 48 51 28 30 57 25 27 41 34 45 26 54 41 45 
29 36 57 32 47 45 30 34 40 43 36 
54 
43 27 69 54 30 26 
39 42 56 
27 
49 38 28 37 36 48 
39 54 53 26 35 54 54 37 29 31 31 56 36 36 55 28 43 34 53 44 57 30 50 25 29 51 29 52 42 41 55 52 51 29 50 33 56 50 56 44 28 26 47 
52 50 48 33 25 51 49 40 53 30 32 
36 
48 56 46 50 43 43 40 34 28 29 53 51 43 56 35 41 52 55 35 41 29 40 58 52 36 42 44 57 54 51 69 
40 54 32 54 31 30 32 49 62 27 32 
32 
41 34 31 31 41 27 
51 38 45 68 44 53 32 40 59 31 32 38 41 
29 40 34 39 37 55 
36 48 30 48 50 30 48 35 36 32 52 46 37 33 45 28 26 
42 30 54 31 36 25 33 49 
43 59 34 49 44 39 
36 50 25 28 39 39 
43 60 43 54 36 47 57 43 43 27 26 55 53 32 44 55 37 27 41 35 27 59 40 50 58 57 30 51 38 59 32 
28 36 25 47 44 59 41 43 34 27 28 
28 30 54 
47 
28 
32 30 31 39 29 58 40 35 38 33 41 
40 25 57 58 54 32 44 25 
43 59 34 27 53 45 
69 
42 46 57 42 39 60 36 40 56 29 50 26 38 
48 40 36 43 28 25 61 44 49 38 44 58 29 
51 52 33 34 27 59 
42 
52 36 40 
57 53 29 43 38 52 
48 30 26 45 32 41 
28 
27 29 42 37 63 50 52 44 48 48 40 
48 
46 34 60 50 43 28 26 31 50 44 35 40 47 32 35 33 46 
48 
26 44 46 46 45 36 
61 34 48 40 36 46 
35 50 55 
49 39 50 46 51 40 28 38 
60 46 40 37 32 28 
34 35 49 47 31 51 48 41 28 53 57 
44 39 26 43 26 46 
41 29 56 
52 26 37 39 43 43 31 31 
28 
57 46 26 52 46 49 58 58 59 38 41 
59 
26 
51 42 47 48 25 37 44 36 65 35 49 39 43 43 38 36 31 
49 35 26 42 29 46 37 48 30 46 37 47 47 42 51 45 32 34 55 30 37 41 31 33 49 48 45 52 51 39 57 42 53 44 31 44 47 29 43 29 51 43 50 46 40 50 35 56 34 28 48 50 59 39 38 46 
39 40 43 37 41 53 
56 47 39 48 40 36 53 27 58 40 27 27 35 36 69 28 47 27 39 44 69 32 44 25 57 26 29 51 25 36 47 32 32 54 37 29 27 37 30 41 29 58 29 
40 
34 
51 36 53 32 51 54 53 29 28 29 28 49 32 29 57 31 28 
61 39 36 
39 41 49 35 41 30 
47 
38 25 38 50 50 66 
42 
51 51 35 
43 50 33 52 49 34 41 54 54 38 49 
25 46 28 
42 
30 
40 28 45 59 26 34 36 48 
41 59 36 56 39 47 50 50 
48 26 50 64 30 30 49 25 
28 
44 
63 47 25 31 32 40 29 27 57 38 44 39 43 29 52 50 27 
36 
29 33 41 34 49 26 30 30 74 45 35 48 59 
47 29 45 42 29 34 
31 55 39 31 27 36 28 59 58 29 30 53 26 54 40 53 44 
34 34 26 31 50 46 
55 50 48 26 40 49 29 42 33 41 28 30 30 
30 25 49 32 52 50 
44 54 45 27 52 45 59 62 
48 39 31 30 38 39 51 43 
31 48 37 37 36 49 31 34 54 45 40 27 45 34 49 57 46 
41 
28 
54 41 51 30 41 47 51 54 47 51 41 48 52 
39 26 57 
36 32 42 
54 40 36 25 44 45 32 45 25 37 42 49 55 32 38 33 57 25 51 49 39 30 
33 44 57 
58 
35 45 40 35 60 50 32 49 
33 42 41 33 48 36 35 30 57 31 32 55 41 31 45 55 29 46 31 42 38 46 58 55 51 32 31 28 49 27 39 33 35 45 46 40 27 28 25 40 50 50 26 
39 38 48 
34 
66 56 26 46 48 55 68 58 
46 
53 26 46 52 41 48 54 45 
53 30 34 
25 
41 25 51 46 26 58 45 32 41 31 42 51 52 28 50 45 58 
44 54 46 
39 38 46 39 53 39 26 30 25 38 43 40 31 28 39 58 31 44 27 33 63 28 44 26 47 26 36 27 34 31 38 
51 41 44 36 43 64 26 31 33 47 32 
43 
30 59 53 29 44 45 54 25 
28 37 37 30 25 41 42 45 57 44 49 39 29 44 28 46 36 
47 29 54 51 46 40 47 51 34 35 62 42 39 55 40 26 34 
33 
51 32 53 30 30 45 45 26 39 43 29 49 57 35 50 49 35 
54 61 28 55 47 31 
36 
30 47 41 
47 28 26 37 38 37 28 53 38 43 54 25 51 
43 44 53 31 37 52 
38 48 37 
26 51 39 60 54 42 42 38 
47 
42 35 39 28 40 50 
47 48 42 44 44 56 47 45 
50 52 58 40 49 42 41 45 30 52 58 41 43 28 56 58 49 59 35 39 49 47 
26 
49 38 54 
43 41 44 54 61 37 46 52 31 48 54 
37 
58 46 25 57 25 49 29 40 49 42 74 32 31 48 47 30 47 42 37 49 48 57 
45 
28 26 31 
39 
39 61 31 45 32 55 28 39 28 28 44 37 55 29 31 44 53 55 40 25 26 26 55 31 51 58 57 38 43 45 47 
54 
44 46 25 40 35 53 
47 63 44 54 40 68 49 25 35 32 49 
46 
44 44 36 47 59 36 48 47 38 36 28 
51 
31 
49 
27 
36 
36 54 30 29 45 46 46 56 
51 43 52 
43 29 45 35 57 30 27 38 29 33 59 
49 
30 28 48 49 47 45 
47 39 59 28 28 35 43 45 
48 35 40 
34 
26 
48 30 45 30 48 53 
26 39 54 52 47 47 37 42 
34 45 31 
32 
52 55 46 29 34 38 
25 52 39 47 41 45 27 56 47 47 54 52 54 
34 28 26 50 49 54 28 39 
48 39 31 29 55 30 42 39 35 33 35 
44 45 51 58 43 45 
28 
37 
27 29 53 42 53 44 36 28 41 39 53 
44 66 53 52 57 45 30 46 
43 43 40 26 25 43 40 59 31 37 27 69 49 
44 
49 53 51 42 46 26 57 68 37 43 36 
26 50 50 29 42 37 55 39 43 27 54 62 35 48 50 59 59 49 35 35 42 59 34 46 52 52 28 64 55 32 54 
62 35 29 
26 49 64 
45 
54 44 37 
58 46 26 50 29 34 
33 53 45 50 41 25 
27 28 48 29 52 27 54 51 
55 
65 28 46 
25 54 45 35 32 37 41 31 47 45 49 41 54 51 31 58 33 55 37 31 34 28 
42 
48 34 39 41 36 40 38 33 49 36 53 54 50 
44 39 35 45 54 48 29 52 48 26 54 57 39 52 45 31 52 
32 
53 58 35 38 36 45 34 46 
29 
40 52 59 28 51 38 31 26 
48 
31 27 29 
52 51 35 
35 29 31 51 43 59 33 42 42 54 40 38 48 29 45 40 29 51 40 43 33 30 54 43 28 51 40 45 46 33 53 30 30 30 30 54 36 26 43 54 53 57 44 
34 
31 31 46 48 27 35 52 52 27 44 50 42 33 28 51 44 30 
46 
27 49 28 34 54 46 38 49 
43 45 48 54 52 37 43 33 57 40 46 
28 47 30 51 60 26 
55 42 50 
48 25 37 
42 
30 25 51 38 58 45 39 48 36 25 32 52 45 36 35 30 51 
31 27 30 28 51 42 35 25 45 53 54 
66 48 31 59 25 58 53 38 40 25 39 36 40 
27 37 29 44 29 31 64 33 31 45 32 39 25 
49 42 40 
33 33 41 
57 33 35 54 29 33 35 59 
36 33 39 49 52 56 30 32 43 44 59 
40 36 40 
28 
47 
43 48 34 
54 47 48 
30 39 28 36 27 32 34 29 52 40 64 45 54 40 25 50 42 
28 
31 27 43 45 57 37 32 43 
45 30 42 
41 30 26 51 42 48 27 64 
27 34 49 36 58 42 45 40 52 52 52 30 67 29 51 46 42 38 57 46 32 33 
27 39 37 35 33 26 47 27 
34 32 43 31 28 57 
30 26 45 56 28 47 49 44 55 44 29 26 46 36 53 41 35 43 36 47 45 28 33 34 51 43 52 29 59 38 44 68 54 51 40 30 28 34 31 45 32 28 52 51 57 40 42 36 40 56 52 27 45 52 55 37 
44 
38 36 48 45 51 48 
25 30 48 
45 
27 46 27 
41 
45 47 46 
49 
31 54 56 61 29 47 58 58 55 34 45 29 51 57 27 45 40 
50 
53 29 51 
54 29 36 
38 32 34 
25 
28 
38 29 45 51 37 37 
36 44 44 38 51 49 44 47 
29 28 45 48 29 26 31 38 
47 
31 62 28 
27 53 45 37 43 42 
33 
41 
27 33 38 26 33 30 
52 
57 46 41 45 37 62 29 44 56 38 48 
43 25 66 45 30 62 
40 46 31 54 31 26 26 25 46 36 44 
48 30 35 25 59 35 51 32 27 39 44 42 49 42 54 28 37 39 38 55 51 41 54 58 59 51 39 40 36 41 31 53 53 32 25 53 33 43 32 56 54 53 47 28 35 43 52 51 42 43 38 44 38 34 28 42 
36 
26 30 38 47 51 40 32 43 36 44 26 29 31 
52 54 55 43 29 37 54 26 48 41 36 46 51 37 50 57 50 48 44 32 51 37 26 51 40 35 52 52 27 58 54 41 27 32 25 31 58 36 42 30 54 52 35 45 39 35 55 37 38 32 37 51 52 63 43 39 
25 
38 26 41 
49 59 47 54 48 26 52 45 
53 50 29 27 45 29 43 62 40 36 58 
44 37 29 
47 29 29 29 54 52 46 26 40 32 42 
42 43 41 32 31 33 46 25 
60 31 28 35 27 50 34 54 
