14868 
22743 
12170 
39520 
23984 
38975 
3455 
35245 
30050 
22883 
2254 
29712 
33429 
4253 
14168 
5348 
27072 
7032 
18843 
9897 
7849 
33305 
22945 
27538 
12162 
17392 
27394 
24772 
1045 
30917 
28098 
30217 
30710 
8676 
37689 
26791 
13852 
38554 
35157 
18716 
6798 
1690 
29863 
15850 
38795 
17410 
13023 
34047 
27596 
15227 
35276 
5257 
31874 
19050 
36800 
8964 
11327 
39676 
21451 
37965 
13388 
25042 
16962 
21876 
3276 
33835 
2967 
20283 
28779 
34963 
22839 
14544 
32945 
19039 
22299 
38235 
18686 
32580 
34049 
31765 
14061 
34660 
11029 
37871 
13965 
11958 
5911 
363 
16391 
19153 
39399 
17087 
38075 
36626 
26301 
852 
36235 
27510 
28739 
25130 
23152 
25569 
3587 
36013 
23193 
30765 
6288 
39800 
11588 
35410 
34269 
6675 
28834 
34763 
19771 
33202 
38013 
34424 
32159 
12543 
10890 
20332 
38458 
29836 
7241 
7395 
34970 
7112 
355 
31441 
24509 
34418 
16334 
33593 
4639 
6122 
23103 
20836 
34817 
14910 
28032 
26499 
19882 
12405 
25368 
12845 
16942 
1616 
9036 
25341 
28134 
28517 
24870 
5349 
8813 
16844 
22397 
23319 
16914 
34997 
38339 
38589 
16637 
9189 
22791 
13991 
39555 
20797 
16236 
13222 
10490 
18888 
450 
15550 
961 
17340 
18124 
12392 
23235 
11108 
29746 
8186 
32263 
31788 
21001 
33375 
32834 
11904 
25539 
37747 
20330 
10824 
28280 
21672 
31453 
3953 
37678 
22561 
14842 
11872 
28359 
37150 
25405 
35322 
16887 
9761 
28333 
11662 
29951 
24095 
37041 
25917 
4108 
10842 
22921 
10372 
7291 
21883 
30897 
27159 
2247 
3046 
5408 
2702 
24414 
16613 
29853 
26616 
20712 
38535 
32565 
12334 
20991 
32675 
36282 
9780 
5622 
824 
13540 
25494 
22821 
38788 
1261 
6523 
28968 
35954 
8559 
15316 
24987 
29731 
24155 
18033 
12315 
3949 
24479 
6315 
38899 
17430 
18907 
32267 
6149 
17890 
34282 
5454 
38630 
30479 
24621 
16128 
6023 
31380 
35359 
12236 
4918 
36781 
32835 
11509 
27323 
33425 
17187 
14285 
15081 
1175 
22963 
6484 
5891 
14316 
18219 
39370 
28652 
29336 
14247 
33973 
31802 
36221 
17654 
7864 
19977 
14577 
6820 
1367 
27892 
41 
8973 
32025 
16239 
28520 
24338 
14266 
14501 
34126 
34614 
24298 
32826 
2026 
39267 
32941 
30985 
5695 
19992 
25548 
20186 
32350 
15396 
6843 
16258 
32319 
4028 
35912 
10564 
10505 
35361 
12582 
27306 
38780 
16848 
17879 
18043 
22982 
28826 
28756 
28403 
1102 
11284 
39748 
18397 
13643 
2898 
37781 
31386 
2165 
28466 
30036 
34320 
25667 
37311 
14935 
38000 
32317 
28127 
22760 
26696 
33218 
20257 
33698 
33004 
12371 
38364 
17044 
2219 
28747 
2084 
15078 
2162 
29906 
13171 
20505 
21234 
5065 
14302 
14530 
14304 
34756 
37795 
34289 
11655 
2565 
28861 
39545 
7234 
5262 
35928 
22795 
7857 
11994 
30529 
12246 
3094 
4015 
32140 
6773 
6076 
27247 
22951 
15989 
15649 
7901 
13027 
35874 
25167 
23281 
35098 
29104 
30689 
37276 
37945 
1738 
38892 
4718 
4236 
8970 
37225 
35237 
8822 
2467 
26333 
19229 
7160 
15700 
2003 
34750 
7809 
17015 
22875 
31235 
16660 
4678 
10418 
31761 
3246 
31964 
39260 
21172 
14129 
30437 
17264 
23619 
13164 
16270 
10238 
12442 
27685 
25713 
22104 
5657 
1344 
3163 
12478 
4703 
11359 
7771 
24195 
25025 
10232 
3922 
29164 
16933 
21870 
8335 
22816 
31179 
4104 
34522 
23791 
30053 
18014 
28936 
1180 
24201 
5994 
3084 
23997 
2699 
15976 
39918 
24868 
30786 
8066 
17894 
16153 
29871 
38908 
20966 
31683 
30129 
3470 
35629 
29433 
30301 
37951 
17912 
37179 
5385 
6363 
10356 
33863 
22094 
28596 
38626 
6085 
20660 
24190 
13759 
17205 
24907 
6174 
12223 
34045 
14319 
10878 
27701 
16873 
10849 
27697 
38861 
23698 
29708 
10138 
19938 
39129 
14199 
36020 
9262 
17091 
15854 
30607 
28309 
19135 
16569 
16474 
4362 
37010 
3553 
6663 
39493 
4841 
30981 
21922 
30041 
1591 
7924 
4709 
17728 
31082 
295 
29374 
3799 
39596 
28464 
96 
25022 
19754 
9676 
2961 
16919 
30183 
24651 
32378 
35224 
35645 
18580 
5973 
11784 
13071 
6266 
30048 
6854 
32226 
5052 
20508 
