19 15 15 16 10 15 16 19 16 16 16 16 16 15 19 13 17 16 16 17 11 19 17 15 13 14 16 14 10 19 11 16 17 15 16 19 15 16 15 16 16 19 16 19 15 17 15 16 16 15 11 15 17 16 15 19 12 17 18 12 16 19 13 12 10 12 13 15 18 17 17 15 23 16 16 15 17 15 18 16 19 14 18 15 10 16 17 16 16 15 18 17 16 16 13 17 15 16 19 18 15 17 18 18 18 17 15 16 19 15 18 15 14 16 19 17 17 15 16 12 15 19 19 16 12 19 15 15 17 15 18 16 15 14 17 17 19 16 16 12 10 16 18 15 16 10 18 15 19 15 14 19 17 13 15 17 19 15 18 16 15 16 15 22 13 19 17 17 17 19 15 16 13 15 12 16 15 16 14 17 17 13 16 17 19 18 15 15 16 12 17 12 19 14 19 15 16 16 16 11 14 17 17 17 19 16 10 15 17 16 15 18 16 16 18 15 13 10 15 19 12 10 16 15 
9 5 12 5 8 5 7 7 5 6 8 5 5 5 7 9 7 7 5 5 6 8 5 9 6 7 5 6 5 6 5 10 5 6 7 5 9 5 9 8 5 6 7 9 5 8 6 9 7 10 6 9 5 6 14 6 6 9 9 5 9 9 12 5 13 5 5 5 9 7 5 6 7 6 7 7 5 5 5 8 5 7 8 8 8 7 7 7 7 8 6 6 5 9 9 9 9 7 8 9 7 5 6 5 8 7 6 8 5 6 5 7 5 9 8 6 6 5 6 3 8 9 7 9 6 5 7 6 7 5 8 7 14 7 7 8 7 7 6 6 5 7 8 8 9 9 6 14 6 5 9 14 5 8 7 14 7 8 9 6 9 9 7 6 9 5 9 5 9 8 6 8 9 7 8 8 7 9 7 8 5 7 5 5 5 9 5 7 6 5 9 7 5 5 9 8 6 5 9 5 9 6 6 6 6 5 8 5 6 9 5 7 8 7 9 7 6 8 6 6 5 9 7 6 
7 8 7 7 6 8 8 5 7 8 8 7 5 8 8 9 7 7 9 9 6 9 7 8 6 7 9 8 7 7 7 5 8 5 7 8 5 7 9 7 6 5 8 5 7 9 8 5 6 6 5 6 8 9 5 6 7 8 8 9 12 5 7 6 5 7 7 7 6 6 5 5 8 9 7 8 6 8 5 6 8 8 7 8 9 8 5 9 7 9 5 8 6 6 8 6 8 7 6 6 8 6 6 6 5 6 6 9 14 7 10 5 9 7 6 5 7 9 9 7 6 6 11 14 7 8 6 5 9 5 8 7 5 7 8 7 6 5 7 8 7 8 8 6 9 7 7 7 9 5 9 6 6 5 7 7 9 11 9 12 5 6 9 5 7 5 8 6 7 7 9 11 9 7 2 6 5 7 7 14 7 8 11 6 8 7 8 6 5 9 9 4 7 8 9 6 8 8 9 7 8 9 9 5 7 8 5 7 8 7 8 8 7 12 8 6 9 12 6 5 8 8 8 7 
17 15 17 12 14 12 10 17 17 18 19 19 10 19 19 15 18 17 19 19 19 19 14 14 16 15 17 19 15 19 15 15 17 15 17 15 18 
6 5 5 8 8 8 9 7 8 5 9 6 9 14 5 5 5 6 6 7 5 7 7 5 5 9 5 11 7 6 14 5 9 9 8 9 6 12 5 7 8 7 5 7 8 7 8 8 8 5 9 9 5 5 5 5 5 5 8 5 9 8 6 5 9 6 9 5 7 9 9 8 5 9 5 9 5 5 9 5 8 5 5 5 9 6 7 5 8 5 5 12 7 5 8 6 6 9 7 6 5 6 5 6 5 7 7 7 8 6 5 8 5 8 9 9 8 9 8 5 7 6 6 8 9 8 6 6 8 5 5 9 7 9 5 5 9 7 6 7 6 9 6 8 7 5 2 12 7 9 7 5 5 5 8 9 8 6 5 7 9 7 8 7 6 5 7 12 9 6 7 5 6 6 7 6 6 8 6 5 6 8 11 9 7 6 5 5 8 7 4 5 5 8 6 4 6 6 6 7 9 13 7 7 9 8 6 7 7 7 8 8 13 9 5 8 13 8 13 10 7 6 8 8 8 7 8 8 8 8 8 5 10 9 11 7 6 5 8 6 6 9 9 5 6 5 6 8 7 5 9 9 8 4 7 6 6 9 8 7 8 6 8 9 7 14 7 5 9 5 10 8 5 9 9 7 5 5 9 5 7 5 5 8 6 9 5 9 7 8 9 7 8 6 9 5 13 8 5 9 7 7 5 6 5 8 6 7 8 6 9 5 8 5 9 7 7 7 9 7 3 6 5 6 7 5 9 7 5 7 7 8 8 9 9 6 7 7 6 7 7 8 6 6 9 9 8 8 5 
17 15 11 18 17 19 18 10 18 16 18 16 15 17 19 16 18 15 19 12 17 17 18 16 13 11 12 15 15 16 18 16 19 17 17 15 16 14 18 13 17 16 17 15 15 18 17 10 15 17 10 16 15 15 18 18 18 19 15 19 15 15 17 13 15 15 16 17 12 17 15 15 16 14 15 17 15 16 16 15 13 15 14 19 17 17 17 15 16 15 17 17 16 16 16 19 12 17 17 16 15 19 17 16 12 11 16 15 16 13 19 22 15 17 19 12 19 15 17 18 19 19 15 15 16 15 15 13 17 10 17 11 12 17 17 12 17 16 17 16 14 19 19 18 13 14 11 15 17 15 19 16 12 14 12 18 17 13 17 16 18 13 15 17 16 17 10 17 17 16 18 17 16 13 16 17 19 19 12 14 17 19 16 18 20 15 19 14 18 11 19 16 16 17 12 17 10 16 19 15 18 18 11 15 18 16 15 12 18 15 10 16 16 13 17 18 16 18 16 17 12 18 16 16 15 15 18 11 16 17 16 17 14 15 15 12 16 17 18 17 18 18 18 17 19 18 16 17 15 16 11 19 17 19 14 15 11 13 17 15 16 17 18 15 17 18 18 18 16 14 13 19 16 15 
5 9 5 7 5 8 6 8 6 7 7 6 5 7 5 5 9 7 9 8 9 8 6 6 7 7 7 6 9 7 2 9 5 9 5 7 6 7 5 6 6 6 9 9 8 12 5 7 9 8 8 5 8 5 5 9 6 5 6 5 8 6 13 7 9 6 7 9 9 7 2 7 9 5 7 9 8 7 9 9 9 9 6 5 7 8 12 7 9 5 5 8 9 5 7 8 9 5 5 5 8 9 6 9 9 8 5 7 9 8 9 7 8 6 7 8 5 5 5 8 12 6 9 5 8 5 8 11 8 8 12 8 5 5 7 7 7 8 7 8 13 6 5 7 8 5 8 8 9 8 8 9 9 7 6 8 5 8 6 9 6 7 9 9 7 8 6 7 5 7 6 8 8 9 
13 12 13 10 12 11 11 12 10 14 10 10 9 12 13 13 13 12 11 13 11 14 12 8 13 13 14 13 10 14 13 5 10 14 14 13 6 10 12 14 11 11 12 9 10 14 11 12 10 7 14 13 13 13 11 14 12 10 6 13 10 10 13 7 12 14 14 14 7 13 13 10 14 10 11 14 11 13 10 8 12 13 10 10 14 10 13 12 14 12 11 13 13 7 13 10 13 13 14 10 9 10 9 10 14 8 12 14 13 7 10 8 11 10 12 10 9 14 12 13 14 12 10 13 10 6 14 11 6 11 14 12 13 6 12 12 10 10 14 11 11 14 10 12 7 13 15 5 14 6 10 14 10 14 13 10 12 8 14 12 10 14 13 9 14 11 14 11 13 10 12 10 10 13 10 14 9 7 13 12 14 10 11 14 14 16 5 11 11 13 10 12 11 7 13 14 10 14 11 12 14 14 10 10 10 13 13 12 13 10 10 19 12 5 11 17 12 11 13 13 15 13 11 10 10 13 12 11 13 8 14 14 16 14 10 14 11 10 5 14 14 11 14 6 11 12 13 12 14 12 12 14 14 5 12 9 13 13 14 12 8 9 13 5 12 14 11 11 14 12 13 10 14 10 
4 4 3 4 4 4 3 4 4 0 3 3 6 4 4 4 7 3 3 3 2 4 4 4 2 4 4 8 3 3 8 4 4 4 2 4 9 
9 6 5 7 6 5 6 5 6 5 6 6 6 8 5 12 5 9 7 6 8 6 5 8 6 8 7 6 8 8 5 8 6 9 5 7 7 5 6 7 5 6 9 6 7 8 6 9 11 11 10 13 11 12 4 13 11 11 0 4 10 13 12 12 10 3 10 14 11 10 11 12 4 12 
20 17 18 16 18 19 16 15 21 19 18 22 19 21 24 17 15 16 22 21 15 16 16 15 15 15 21 17 19 23 18 18 17 19 16 16 18 18 24 16 18 16 15 18 15 18 16 22 16 15 17 18 15 16 19 17 17 15 16 19 16 16 18 16 28 23 25 24 20 19 16 17 18 22 16 16 28 19 25 22 15 15 17 16 19 17 15 16 17 16 15 20 15 15 17 16 24 20 17 21 16 28 19 16 21 20 20 20 18 15 19 17 15 23 15 16 18 15 15 18 17 16 18 16 23 28 16 23 20 18 23 15 21 19 16 18 17 24 19 20 16 23 15 15 23 18 15 17 17 24 19 18 15 17 23 16 21 27 15 17 15 15 22 21 17 17 16 20 15 24 16 26 15 17 
11 13 11 17 13 11 14 10 12 12 14 10 14 12 13 11 13 13 11 14 11 14 10 12 12 13 11 10 11 15 10 14 12 10 11 10 10 12 17 11 13 12 17 13 11 11 10 14 10 13 14 11 13 10 10 13 11 19 13 10 14 12 14 14 10 14 14 13 12 12 11 14 11 13 12 18 12 12 14 12 12 13 11 12 14 18 13 13 12 10 11 11 11 14 12 13 14 17 11 13 13 11 11 11 14 11 10 16 14 14 12 10 10 13 10 10 13 10 17 12 10 12 14 13 11 14 11 14 10 11 12 11 12 11 12 14 12 10 14 14 12 12 11 10 19 13 13 13 11 14 14 13 11 11 14 11 13 13 12 11 11 10 14 10 11 14 12 11 14 10 10 12 10 13 10 14 12 10 17 11 11 12 16 12 12 13 14 10 11 14 11 11 14 10 19 12 11 10 10 12 14 10 11 11 12 13 13 12 14 18 12 12 12 11 13 13 12 14 11 12 12 10 11 14 
27 30 25 26 22 20 24 25 27 26 20 24 23 21 26 27 25 22 21 24 22 24 29 27 22 20 30 22 22 22 27 29 20 28 29 30 23 26 24 21 22 20 22 21 25 29 21 30 26 25 20 30 22 25 21 26 21 22 21 21 22 27 27 21 23 20 20 21 24 26 23 27 29 22 20 21 20 20 29 30 25 28 29 21 25 26 20 30 21 25 27 23 23 30 30 22 20 21 20 25 21 21 28 22 22 22 20 20 20 22 25 21 21 21 24 21 21 30 25 21 21 25 20 21 21 24 20 27 28 23 21 20 30 21 21 21 24 22 24 21 21 21 22 20 27 23 27 25 30 25 24 22 20 25 20 24 23 28 25 21 21 29 22 22 24 21 21 28 21 27 22 21 25 28 21 26 24 26 20 20 25 22 25 21 25 21 30 24 24 23 23 25 22 20 24 28 25 26 20 24 22 30 29 23 23 26 24 22 29 24 23 22 23 29 21 22 25 24 24 26 23 27 25 25 
15 18 15 17 18 17 18 17 14 15 19 19 19 18 15 19 18 16 17 14 16 13 16 16 18 11 17 16 17 10 15 15 19 19 19 10 19 18 11 16 15 16 19 17 15 12 15 18 16 17 17 18 11 16 16 12 19 17 17 18 17 17 15 16 15 11 18 15 17 10 15 19 12 18 18 17 15 15 19 17 15 19 18 15 13 17 18 17 15 17 10 17 11 16 18 18 17 15 17 15 19 10 15 17 15 15 10 23 11 19 12 12 15 15 16 15 19 14 18 16 19 17 18 19 
3 4 4 4 4 3 4 2 4 4 2 2 4 0 4 4 2 4 3 2 4 4 2 2 4 4 4 4 4 3 3 4 4 4 2 3 3 4 4 4 4 4 4 4 4 2 1 3 0 1 4 3 3 4 4 3 4 4 3 2 4 4 2 2 4 4 3 2 2 4 3 3 3 4 
15 16 18 16 14 18 14 16 15 19 11 17 10 15 17 19 15 19 16 19 10 16 15 18 16 13 16 18 19 15 16 17 15 17 19 18 17 16 16 16 15 18 15 17 15 17 19 15 13 16 15 19 13 17 14 18 11 17 10 16 15 15 17 16 17 15 12 19 17 15 15 13 17 16 15 18 12 19 15 19 11 18 18 19 16 19 18 15 17 18 12 16 14 15 15 18 18 16 15 17 16 19 15 17 11 18 18 10 17 17 11 13 18 18 15 15 14 13 15 15 17 15 17 19 18 18 15 19 13 16 19 18 15 12 15 15 17 15 16 14 18 15 14 16 17 19 16 13 12 18 13 16 16 17 17 19 18 15 19 16 19 19 17 14 16 19 16 15 17 15 16 15 15 17 15 16 14 10 15 17 15 18 15 19 11 16 16 19 18 16 17 18 16 15 15 16 16 12 10 16 16 19 16 17 15 13 18 16 12 16 19 19 16 17 16 16 19 16 19 12 19 19 12 17 
23 16 24 17 24 17 15 17 17 23 19 15 16 21 17 22 17 19 21 19 19 17 16 15 15 15 19 17 18 22 17 23 18 23 19 15 16 16 17 15 18 17 15 22 18 22 24 20 16 17 20 20 16 19 15 19 18 17 15 29 21 21 22 20 18 18 15 16 22 17 17 16 16 19 16 25 22 16 17 17 21 27 17 16 27 15 18 15 18 17 15 19 18 19 20 21 20 16 15 15 19 24 17 21 22 18 15 15 27 15 22 15 18 22 18 16 17 16 18 24 19 26 16 16 20 20 22 16 22 18 23 16 16 17 15 24 17 15 15 18 22 20 18 24 23 17 23 15 16 22 24 18 20 15 15 28 17 15 17 21 15 23 20 16 23 19 16 15 22 15 21 15 18 19 18 17 21 20 16 15 17 19 15 19 16 17 18 15 16 16 18 18 17 20 21 20 22 21 20 23 21 22 21 22 20 23 21 22 20 20 24 29 22 21 20 23 20 21 20 23 22 23 24 23 20 21 21 24 23 24 22 26 20 22 24 20 23 23 22 22 24 22 22 21 23 22 22 23 23 24 21 22 23 23 20 20 20 20 22 21 24 23 22 20 21 22 23 20 20 21 20 21 20 22 
4 4 3 3 4 2 2 4 2 3 4 4 3 3 3 4 4 4 4 3 2 3 4 3 3 4 4 3 3 2 3 4 4 4 3 3 4 3 1 4 2 2 1 4 3 4 4 3 3 4 4 4 1 4 2 2 3 4 4 3 2 4 4 2 4 4 4 4 3 3 3 3 4 4 1 4 2 3 4 2 3 4 3 3 4 4 4 4 4 3 4 4 1 2 3 4 4 2 3 2 2 3 2 3 3 4 4 4 0 1 3 0 3 3 3 3 3 1 3 3 2 3 3 3 4 2 3 2 2 3 3 3 4 4 3 0 4 3 2 3 3 4 3 0 3 2 4 4 0 3 2 4 3 2 2 3 3 3 4 3 3 2 2 2 2 3 3 3 0 0 3 4 3 0 4 3 3 4 4 3 4 2 2 4 4 4 4 3 4 3 4 2 1 4 4 4 2 4 1 2 4 4 4 4 2 4 3 2 3 4 4 3 4 3 4 3 4 2 3 3 2 2 4 3 3 4 4 3 2 4 3 3 3 2 4 1 3 3 4 4 4 4 2 2 4 3 2 4 4 4 4 2 2 3 2 4 3 4 3 0 4 2 3 
13 13 13 12 13 11 14 13 14 11 11 13 11 10 11 12 13 11 10 13 13 11 11 14 14 10 12 14 12 12 11 13 14 13 10 12 12 14 11 13 11 13 11 10 12 10 10 13 12 12 11 13 14 13 11 10 11 13 12 13 12 14 12 14 14 10 12 12 11 14 11 11 11 12 11 10 14 11 11 14 10 12 13 12 11 13 12 14 11 13 12 11 12 10 13 13 13 12 13 11 14 12 13 12 11 10 10 12 12 11 10 10 13 12 13 13 10 14 13 11 14 10 10 14 
29 21 27 29 25 25 21 22 24 22 28 27 21 30 21 24 27 25 26 23 34 21 25 24 27 22 24 28 29 21 22 23 21 24 24 30 25 
14 14 10 13 14 10 12 10 10 10 14 10 14 11 11 14 12 12 13 14 14 14 13 11 11 12 13 13 12 10 10 14 10 13 14 13 14 13 10 11 13 11 11 14 13 14 10 14 14 10 13 13 10 11 11 13 11 10 13 14 13 10 11 10 12 14 13 13 13 10 13 13 11 14 10 12 11 12 13 12 10 10 14 10 11 10 10 10 14 14 11 13 11 11 12 10 13 12 10 14 13 11 10 14 10 14 14 14 11 12 10 11 13 14 11 10 12 11 13 13 10 10 10 11 
30 30 38 30 25 27 30 37 30 30 30 34 36 30 36 26 26 30 
30 28 28 30 25 39 38 34 29 36 38 27 25 35 27 27 30 38 39 31 25 30 36 37 33 34 30 30 28 30 30 30 30 27 26 31 30 29 30 28 27 28 27 26 25 27 29 26 29 26 27 27 26 28 27 26 26 28 29 27 25 28 26 29 25 25 25 25 25 26 26 27 26 26 26 27 26 28 28 25 27 29 28 27 26 25 27 27 25 25 25 29 26 28 27 26 29 26 28 29 28 25 28 25 28 26 29 26 27 28 27 28 25 27 26 26 28 27 27 28 26 27 26 28 25 26 29 28 29 25 28 27 26 27 25 26 27 27 28 27 26 25 26 25 28 25 26 26 27 28 27 25 28 26 25 26 26 25 27 27 29 26 25 26 26 26 25 27 26 25 25 28 28 27 26 25 26 25 29 26 28 27 26 26 27 28 25 28 26 28 28 27 29 29 28 25 29 28 29 27 27 25 28 27 29 27 26 29 26 27 28 26 26 25 26 26 27 25 25 26 
