57 25 32 49 
39 43 43 44 54 44 49 39 36 50 23 49 43 47 43 19 32 27 33 
52 43 19 44 36 35 28 33 40 41 45 43 
48 42 36 42 42 54 35 55 31 34 59 56 35 43 18 22 19 43 47 35 26 49 35 45 34 47 50 58 59 21 64 40 34 46 44 42 51 37 30 48 30 49 30 39 18 33 19 24 46 41 45 42 39 
56 
26 52 33 21 36 
57 36 52 21 55 40 44 35 33 34 40 53 25 53 56 
38 43 19 36 30 
48 34 30 28 47 49 42 22 49 34 47 22 49 58 36 19 49 
21 16 31 32 
51 55 19 33 44 40 56 31 52 53 49 37 43 31 25 53 
44 24 41 36 31 30 43 24 59 45 40 56 27 
43 49 31 21 18 47 33 28 48 54 37 44 40 
58 41 31 43 
32 23 45 35 48 24 25 55 28 32 43 32 18 40 43 58 
22 22 30 35 52 30 39 18 39 37 23 30 17 46 63 33 36 19 34 
24 20 55 49 47 
42 54 27 54 22 53 32 47 33 38 28 45 33 22 37 31 30 38 21 19 33 30 36 54 27 52 20 54 45 51 47 40 40 45 19 47 58 51 27 56 22 31 28 50 34 30 16 25 16 46 45 24 45 31 40 32 36 38 34 20 35 43 50 22 41 42 28 52 22 36 39 49 31 20 33 23 39 35 45 20 41 23 48 61 36 49 49 48 54 54 32 29 23 18 47 30 45 22 54 31 35 36 31 23 22 55 32 50 41 33 18 46 34 47 21 34 43 40 59 43 48 52 41 52 47 48 37 43 56 24 58 22 32 41 51 52 36 53 29 
48 42 52 44 60 33 27 43 58 45 37 48 51 47 40 20 23 35 19 48 32 27 42 37 44 19 28 23 38 45 32 18 34 47 34 39 37 41 55 22 34 15 29 53 37 35 41 39 48 22 48 49 56 45 46 28 37 47 51 47 44 27 40 27 43 46 43 16 19 33 48 47 24 27 
46 42 40 19 20 36 47 45 48 36 44 32 42 
51 40 54 32 33 36 42 35 36 51 39 27 41 29 34 37 
26 29 32 41 35 
53 46 42 41 31 49 21 36 51 48 44 41 46 
63 46 49 36 39 40 48 30 42 36 36 56 23 32 26 42 31 42 43 42 22 42 45 20 26 34 50 31 37 38 27 29 41 26 46 39 38 33 
43 22 47 47 
32 26 39 46 48 51 53 33 49 25 42 33 39 24 36 54 42 51 31 25 33 26 22 38 40 50 26 33 47 16 52 41 24 33 56 36 36 26 25 57 40 30 51 29 33 27 49 30 42 27 28 46 47 22 23 30 56 27 53 35 35 32 45 30 58 19 52 25 53 
30 32 27 25 48 
57 48 36 48 
47 32 28 53 52 54 43 42 24 53 24 49 29 28 21 49 50 39 50 40 
50 37 33 57 24 52 52 44 56 44 28 51 46 
53 22 59 47 27 41 32 30 48 33 45 29 40 50 28 37 59 47 44 29 32 28 26 53 42 42 37 30 31 45 35 49 48 50 43 31 48 41 25 45 50 
50 56 56 32 
23 42 24 23 58 29 33 49 20 20 25 
49 23 43 39 28 30 47 32 43 39 19 36 36 44 46 53 43 59 53 54 
41 36 23 27 31 
33 30 38 45 49 36 47 37 45 53 48 40 30 30 37 47 37 34 43 36 45 24 41 
48 26 55 30 
46 32 48 47 
23 28 29 30 31 23 29 28 35 27 16 18 29 28 
31 47 16 27 39 34 36 27 42 48 37 32 36 25 22 42 26 46 58 27 38 29 26 59 38 41 30 32 22 24 22 31 25 44 31 58 34 30 36 38 45 48 33 27 45 46 19 51 47 43 31 46 30 33 39 50 34 40 31 30 26 29 39 58 21 54 51 22 47 36 39 53 38 23 32 49 46 23 40 45 19 41 44 37 39 53 32 29 57 23 50 31 49 27 27 22 43 35 39 53 32 45 30 34 35 47 49 28 52 54 41 38 40 30 42 31 44 36 41 29 18 60 54 40 58 25 50 53 46 32 45 21 24 26 45 28 49 22 30 31 24 34 35 39 58 48 34 34 21 50 27 27 36 37 27 54 31 43 30 26 39 40 39 52 41 30 45 35 30 21 49 29 27 33 37 46 49 43 61 45 33 51 56 20 44 25 50 28 49 32 54 28 22 41 33 41 19 46 30 49 35 45 44 35 32 26 39 30 25 64 39 36 26 29 42 45 27 41 57 48 30 32 33 25 26 28 39 37 40 55 35 33 45 36 25 26 40 30 40 49 27 39 24 33 30 39 37 51 34 36 32 26 48 39 33 45 36 23 31 22 53 49 40 36 25 39 39 41 28 43 43 41 26 39 41 37 25 27 34 27 20 29 48 39 37 45 49 34 37 36 32 29 42 36 45 32 36 43 47 39 22 41 54 49 29 27 25 45 
50 54 42 55 34 47 41 19 41 29 43 49 19 
45 26 44 29 
45 19 55 41 31 19 46 21 33 37 17 37 44 21 37 61 49 19 47 34 34 47 31 41 29 28 31 43 27 50 61 55 33 28 36 51 37 33 49 49 28 42 44 37 46 48 17 21 37 19 47 30 30 37 39 40 48 28 51 58 49 26 28 37 30 34 52 48 37 37 41 26 55 33 28 41 37 27 38 52 39 36 31 32 45 48 30 43 18 50 54 42 49 46 38 37 30 56 49 35 43 60 47 44 44 40 44 35 43 32 34 31 46 42 18 39 19 53 40 33 46 39 41 32 48 35 46 57 59 37 36 59 46 39 45 42 28 20 39 41 48 59 19 40 39 36 45 30 51 45 29 40 48 39 56 36 57 31 34 59 58 44 46 47 34 44 36 37 49 51 22 46 31 22 50 45 50 42 35 19 49 34 44 47 51 19 34 45 36 58 50 19 18 30 52 41 37 42 31 58 43 31 19 54 19 44 30 32 34 28 41 40 32 59 41 49 
30 39 
65 26 67 20 45 53 33 46 74 26 33 29 52 60 41 33 33 58 45 19 55 59 48 62 49 50 52 24 60 59 31 66 28 33 48 48 60 48 
42 30 26 31 31 40 29 40 50 44 
39 24 53 30 
53 59 30 22 49 59 40 34 55 32 44 42 25 36 28 49 57 58 48 45 40 32 50 54 52 42 40 
20 37 33 36 49 22 46 23 43 39 54 20 24 41 54 25 33 40 28 31 21 23 49 17 42 23 39 36 54 27 38 52 39 29 32 36 21 32 26 39 17 38 45 16 23 18 26 43 25 30 27 23 23 38 26 25 35 18 36 30 64 26 49 48 41 42 21 45 48 32 25 41 32 48 18 50 40 34 24 53 43 30 29 30 21 22 18 37 45 49 48 27 19 37 37 27 47 42 26 34 19 27 
32 34 51 45 
53 39 26 52 59 
33 31 41 28 27 39 27 31 43 33 26 42 
51 52 51 37 23 40 39 42 35 58 53 24 32 53 49 51 43 
33 38 32 49 30 34 49 28 34 26 44 40 26 21 42 40 25 40 54 42 21 41 47 31 49 32 29 44 33 28 49 44 40 32 45 39 37 55 56 28 29 57 28 46 41 45 32 45 
28 31 22 42 31 24 26 44 37 53 42 63 26 55 19 32 41 37 36 39 
44 49 22 46 47 
44 29 21 41 33 32 43 42 45 36 49 52 30 39 
35 45 28 48 41 33 43 37 25 37 41 35 40 57 30 41 34 19 18 43 27 40 21 45 39 45 28 31 55 27 37 41 43 43 26 32 27 52 38 37 
31 40 48 31 36 43 28 42 46 17 
57 54 42 39 37 55 39 45 54 36 41 
39 43 59 40 32 
55 29 39 23 53 50 51 37 49 41 30 46 34 55 
54 29 50 54 31 
28 57 22 25 
54 30 52 19 39 61 51 31 20 37 39 33 51 39 
39 19 58 19 41 43 33 19 40 17 42 
25 23 31 51 
40 36 51 44 52 39 41 30 23 43 40 34 24 21 34 34 20 
53 53 30 45 
59 46 51 34 43 44 52 29 63 25 27 50 32 18 57 37 36 31 
43 27 32 48 34 
21 40 32 18 41 23 25 16 29 27 21 48 
46 16 31 18 20 34 17 52 37 37 29 53 
41 47 56 27 26 50 23 35 29 48 44 33 20 
49 55 37 27 48 39 29 24 45 41 34 30 45 51 26 30 37 41 43 20 26 38 51 53 
30 41 47 27 
29 36 22 28 21 45 26 45 23 33 25 15 26 32 48 52 30 21 61 37 30 28 32 43 34 43 28 25 20 54 38 42 55 37 25 46 25 26 18 26 52 15 48 27 
32 40 32 26 51 
42 43 41 41 32 43 45 58 40 37 23 49 31 23 32 43 39 58 45 40 43 52 32 48 26 21 25 28 53 41 37 39 39 34 28 42 36 31 59 44 44 39 27 27 64 44 29 35 49 
34 33 30 34 38 29 30 36 36 39 29 31 35 23 53 46 43 43 49 35 52 49 40 37 40 18 20 44 32 25 51 46 39 37 43 19 56 58 29 45 40 20 49 42 21 33 31 27 39 35 33 32 39 42 24 37 32 56 40 37 63 43 29 29 36 47 36 29 32 45 42 37 37 42 32 37 35 25 19 37 50 32 32 38 48 36 44 47 23 29 46 36 23 34 36 17 28 39 31 41 49 22 20 30 28 58 24 37 46 38 31 34 40 25 52 37 41 17 36 38 48 50 36 39 31 51 25 42 24 26 44 29 17 31 39 24 47 40 25 34 48 54 29 28 41 33 34 28 48 49 53 50 33 40 42 54 27 47 45 32 48 37 19 22 34 27 31 39 29 46 33 32 48 30 50 31 33 27 53 34 43 39 31 44 28 37 31 46 39 40 59 38 44 50 34 26 33 57 45 41 29 28 48 45 43 29 36 45 21 24 41 36 36 23 27 43 21 59 30 42 36 40 39 25 15 31 59 34 49 23 33 33 33 42 57 42 57 18 42 36 20 36 56 47 27 53 43 28 39 37 26 23 51 64 36 31 46 33 36 49 44 19 35 50 44 36 22 25 36 41 48 30 40 42 35 56 39 40 46 50 42 32 28 31 43 52 39 50 25 23 21 36 26 54 59 32 43 26 25 42 31 26 40 43 47 49 44 43 28 51 37 25 18 46 42 32 29 42 47 23 41 32 58 50 48 30 45 18 25 45 62 55 39 34 46 39 43 54 25 53 47 27 40 21 33 46 31 51 40 36 37 37 29 23 43 32 22 37 36 25 31 41 52 40 41 36 21 35 36 36 31 43 41 34 48 28 53 34 42 47 38 30 29 41 44 52 26 42 39 47 36 28 30 49 33 39 31 35 31 52 36 34 31 48 26 35 35 43 34 28 59 46 36 38 35 48 41 34 35 48 23 24 36 55 36 32 38 28 28 49 56 41 42 60 49 30 24 45 33 48 45 29 37 56 35 39 20 32 32 40 47 44 31 36 58 39 26 34 43 57 27 38 24 36 32 36 32 33 42 29 30 28 29 33 31 48 31 44 47 42 32 38 37 31 24 36 26 58 25 45 44 57 40 46 
46 53 26 21 29 42 25 44 22 46 45 34 46 42 48 44 49 44 38 35 46 
36 51 29 47 29 39 37 48 29 37 50 46 50 42 23 
36 40 58 42 39 30 32 23 53 34 27 20 37 28 31 42 34 36 43 37 39 42 41 36 19 30 49 47 25 18 18 31 44 50 42 45 49 22 22 44 37 46 24 36 33 45 58 46 48 40 43 43 45 41 40 27 32 29 40 47 40 39 37 53 39 32 47 37 19 25 54 44 55 17 40 21 52 31 32 26 40 42 46 23 39 37 20 46 31 36 30 48 35 19 19 48 43 33 53 32 43 34 29 36 32 42 33 43 26 47 33 41 48 46 49 49 30 19 37 36 42 47 25 25 58 54 30 44 38 39 36 59 43 19 41 36 18 39 36 43 29 24 36 25 50 40 41 36 45 58 18 49 35 35 36 28 41 36 52 37 44 26 33 21 37 34 28 31 19 42 21 49 37 36 35 26 52 28 
27 18 20 27 
54 53 58 26 
46 50 34 41 22 47 56 46 29 39 18 47 21 47 43 27 42 44 29 30 
25 45 57 46 41 30 31 34 40 48 
39 49 41 23 
39 42 31 22 
20 53 47 47 31 25 29 30 37 28 34 56 31 48 23 29 34 31 22 16 34 44 31 24 49 45 30 43 39 25 44 19 20 57 23 43 41 45 22 21 35 24 36 27 17 33 39 54 55 27 25 24 58 27 42 37 24 41 64 45 45 37 44 36 24 39 45 22 18 19 27 39 45 36 41 49 18 18 28 27 22 44 54 18 45 23 34 31 22 46 19 28 52 30 24 32 49 34 29 29 48 39 20 23 23 23 45 28 42 28 50 54 37 31 54 37 39 54 38 32 39 22 48 28 50 34 29 31 39 64 36 24 47 28 26 36 22 23 49 41 46 37 36 20 39 49 29 25 36 50 42 32 49 33 23 27 27 53 33 20 51 41 51 37 41 21 21 53 47 24 32 47 52 34 27 36 26 35 28 28 26 23 47 25 22 37 33 22 61 52 22 36 33 45 26 35 48 23 44 36 32 43 24 23 26 46 24 44 50 43 25 36 52 23 26 30 41 34 57 31 24 62 36 35 32 23 29 26 36 63 52 23 23 39 42 31 25 55 28 52 23 51 31 31 38 46 20 36 43 29 24 25 34 36 27 24 52 45 63 25 23 35 27 46 29 49 52 54 52 35 32 20 32 40 36 35 25 37 48 24 26 44 41 21 21 49 39 36 52 36 34 56 40 28 45 36 50 24 46 48 54 24 34 28 36 35 22 40 23 24 48 48 37 41 26 22 40 44 29 20 64 38 48 32 24 37 49 42 28 37 48 22 37 23 32 57 36 22 21 31 31 25 25 45 39 44 52 20 33 34 26 44 49 25 33 24 36 33 27 36 42 29 39 27 24 29 35 45 35 47 54 33 22 30 27 37 26 27 20 47 49 37 23 49 43 24 41 24 30 28 24 37 25 42 23 29 37 27 25 26 33 44 39 24 20 26 39 24 20 28 31 37 48 26 22 47 37 51 40 32 37 39 32 21 32 29 41 23 20 32 42 33 29 32 50 34 35 34 29 21 22 36 55 30 37 54 22 25 37 31 31 34 29 33 32 46 39 29 22 29 43 56 27 62 39 46 25 59 35 25 36 39 24 32 31 36 61 32 24 30 41 22 43 48 29 29 29 43 24 28 32 29 28 55 21 42 30 31 42 40 24 37 37 22 28 37 21 49 23 49 30 38 46 26 25 56 44 34 24 27 47 46 23 50 38 28 33 40 29 25 49 28 23 41 50 36 39 58 35 36 22 31 43 24 57 24 40 57 25 27 30 53 30 23 54 32 42 45 24 45 29 29 42 37 28 43 21 45 31 20 39 30 58 21 37 24 44 41 28 30 37 28 31 51 26 32 23 36 49 45 21 23 50 30 21 54 41 30 23 50 43 28 29 27 22 39 29 26 31 27 39 40 31 41 37 50 21 32 49 20 41 25 28 41 24 54 37 20 32 42 40 29 20 31 33 37 20 43 27 29 37 29 37 52 31 24 46 52 42 34 26 39 24 24 22 39 30 38 22 24 34 34 24 53 37 43 27 46 20 22 35 47 29 40 36 25 27 23 37 39 36 28 34 23 25 43 28 20 22 34 46 26 51 25 43 24 22 46 57 50 31 23 39 25 27 29 28 21 54 43 39 48 52 34 46 34 21 20 20 24 39 37 42 31 22 31 33 39 35 50 52 41 26 62 46 28 34 40 33 30 24 24 46 33 24 36 38 28 33 30 22 20 29 46 28 33 44 42 36 49 22 27 39 38 26 57 58 25 29 50 28 35 41 20 35 35 44 28 37 30 36 56 46 25 39 32 47 44 62 37 37 52 35 25 52 25 37 44 29 41 27 24 41 39 49 28 42 24 42 20 29 22 44 31 37 48 45 28 48 44 25 31 45 29 57 28 49 46 42 22 50 50 24 41 42 25 37 42 58 53 23 48 32 36 38 57 28 26 40 20 30 25 23 53 53 36 26 51 32 22 34 54 33 56 25 28 30 37 46 43 26 39 49 26 29 55 58 34 49 52 53 25 39 33 54 33 42 27 35 55 32 28 39 53 42 53 38 54 31 29 33 34 32 56 45 56 51 31 35 46 25 33 36 28 26 39 41 35 28 28 26 26 55 41 32 34 55 53 38 37 42 30 53 47 42 39 39 47 36 48 42 43 29 38 35 40 31 28 35 40 50 31 44 37 39 47 48 36 52 43 26 28 25 47 40 34 28 37 36 49 40 53 40 28 26 41 29 51 26 38 45 30 49 46 39 47 36 29 53 43 34 28 36 56 35 25 46 26 27 29 52 40 29 44 39 37 44 37 52 40 51 27 56 27 28 36 33 36 57 52 39 26 56 41 25 28 36 28 33 30 37 32 57 46 37 26 41 48 25 56 44 43 30 37 50 51 28 41 40 32 39 39 55 30 28 29 48 50 60 57 26 29 53 26 25 25 35 42 27 50 39 25 43 46 33 39 36 32 48 30 38 47 36 41 36 48 34 37 49 44 31 44 28 54 31 36 28 37 40 27 38 51 27 36 34 32 40 36 51 25 
51 44 54 52 48 36 42 46 45 46 53 39 47 41 50 31 43 58 47 42 44 46 49 44 39 46 32 32 
43 42 47 51 
65 54 50 63 
45 40 47 36 53 32 39 54 51 51 31 43 36 37 27 30 40 48 49 
25 28 25 50 34 
34 31 40 44 29 31 32 46 33 49 49 26 31 36 48 40 31 27 
53 37 62 46 42 59 40 36 47 39 47 26 36 28 30 57 26 37 
54 45 50 34 41 47 50 52 41 38 26 26 41 
55 50 30 55 
25 41 43 56 30 42 43 27 29 45 28 42 28 
55 46 37 31 37 32 59 30 58 47 54 25 39 37 37 50 38 28 46 40 36 
26 51 36 31 
49 52 40 61 
55 49 39 37 52 46 28 41 49 47 30 42 59 30 33 
26 42 25 29 37 39 53 34 34 46 51 30 35 29 44 36 36 36 27 54 39 26 31 45 44 41 37 36 45 40 28 41 34 59 47 55 47 35 44 30 35 25 57 30 30 43 39 36 31 28 57 36 25 25 38 36 34 26 43 55 40 40 50 39 29 37 25 36 37 32 44 37 28 28 39 44 27 28 29 40 57 42 28 
54 54 36 55 44 62 32 50 36 42 50 41 30 45 25 59 50 36 47 51 34 53 29 51 30 44 34 53 27 26 37 31 42 48 33 42 57 42 41 34 43 51 30 45 47 44 30 59 27 30 27 53 49 53 52 52 50 59 50 34 31 55 53 41 27 27 53 40 25 47 50 47 53 26 40 29 30 25 59 43 40 30 53 53 32 40 47 52 52 49 51 
61 58 52 50 49 49 42 30 29 40 44 48 32 44 
53 52 43 46 53 41 47 32 25 28 51 42 41 42 53 49 43 
53 57 31 30 44 25 31 27 32 34 44 25 42 42 53 42 46 59 48 25 26 45 48 47 
57 40 40 40 28 32 45 25 48 53 
52 50 29 31 47 42 34 27 40 46 
51 40 51 31 44 25 50 33 42 49 27 57 54 
51 40 27 54 51 31 59 48 34 25 25 59 31 27 52 52 
68 26 57 32 
57 47 31 31 52 31 57 26 55 33 49 27 31 62 51 57 52 56 34 46 34 47 45 54 56 33 31 55 
53 50 48 53 48 
52 49 49 33 47 
34 28 45 27 28 
53 25 45 25 30 46 45 52 29 46 52 52 48 45 25 32 46 52 53 29 26 30 26 56 52 32 27 25 51 54 26 54 29 28 54 31 49 32 58 48 49 46 46 54 29 30 53 34 30 34 25 32 47 56 50 47 28 28 51 52 47 54 49 49 53 32 45 45 30 46 32 51 47 31 45 47 47 50 25 54 30 48 45 25 27 49 64 32 48 55 48 58 64 50 47 29 46 45 54 46 47 50 27 54 26 51 33 28 54 52 28 51 50 46 56 48 48 62 26 51 30 49 31 45 26 54 48 46 28 46 46 50 26 46 48 60 46 53 30 28 48 48 46 31 47 29 48 29 58 28 31 28 53 45 57 31 62 52 27 50 31 26 50 25 32 48 46 28 27 25 46 33 54 26 34 25 57 31 26 25 
34 25 48 55 49 59 54 34 48 34 48 
55 49 51 30 
50 59 30 46 34 58 63 50 45 49 53 
52 47 56 46 50 32 47 48 56 34 48 30 34 48 58 45 48 54 60 31 46 53 47 54 54 46 46 49 49 49 45 46 47 59 47 48 34 32 58 30 30 54 49 47 34 33 54 60 49 46 52 54 54 54 31 58 32 56 32 54 32 51 30 56 52 63 52 34 32 54 59 58 59 34 33 51 58 58 33 59 33 56 59 59 54 53 50 30 30 34 56 31 30 53 34 59 51 31 
51 31 31 30 
55 34 52 50 51 
56 34 52 55 34 30 31 52 55 57 55 51 63 
68 57 52 71 52 62 52 63 72 52 59 62 
59 53 54 56 55 54 51 57 51 64 50 56 61 52 57 51 58 50 57 63 51 58 59 52 55 56 57 57 50 52 51 50 53 54 55 51 51 56 50 58 52 59 54 51 50 
69 50 53 67 61 59 70 58 60 73 
53 50 59 58 57 
57 56 54 55 50 
67 65 57 57 
53 59 51 50 
51 53 54 59 50 52 54 52 51 57 52 53 57 53 52 50 55 57 51 54 53 51 54 58 57 52 59 50 51 53 50 57 54 52 
50 59 51 55 51 54 50 55 54 54 53 50 53 64 53 58 56 58 55 54 56 54 52 53 51 53 59 50 50 53 52 50 50 53 55 52 54 58 53 54 55 50 56 51 52 50 50 58 60 51 51 51 54 52 55 50 54 59 58 50 52 59 53 51 57 52 57 52 52 51 53 52 51 59 50 51 53 59 56 52 55 54 52 50 58 55 52 51 53 54 54 57 50 50 56 50 53 57 51 50 53 55 52 57 57 57 50 55 53 52 54 50 
69 55 56 67 52 
60 51 58 55 56 54 56 51 55 59 50 56 53 50 51 61 64 63 64 
66 63 67 68 67 66 65 67 69 68 69 68 67 65 69 65 69 67 
66 66 65 69 67 
69 68 68 68 
68 65 65 65 66 66 66 66 66 68 68 69 69 
